WindNinja_Processing/data/realOutput/ang.asc
ncols	128
nrows	156
xllcorner	702885.824553
yllcorner	4020706.687586
cellsize	131.100000
NODATA_value	-9999.000000
[rows 44 to 87 of 156, columns 0 to 95 of 128]
121 143 159 178 162 115 246 153 117 136 236 187 265 200 249 185 265 192 150 167 148 206 234 207 212 162 287 175 170 164 123 182 196 184 330 6 200 224 7 227 269 272 230 212 166 31 200 196 216 216 111 206 83 162 20 78 189 179 211 187 181 196 183 178 193 104 18 143 148 145 136 141 137 95 164 27 168 228 256 211 179 180 224 222 205 244 95 309 153 162 154 143 67 74 264 238
135 152 170 152 163 149 286 262 109 227 194 171 171 212 232 165 143 201 208 160 167 211 217 209 222 149 243 188 196 205 232 168 190 238 282 204 221 23 121 225 127 280 203 244 181 191 206 121 103 216 38 14 124 128 160 60 191 185 202 186 176 191 190 189 215 270 326 313 16 38 352 159 27 185 158 100 113 142 67 26 32 211 249 263 114 242 101 295 310 330 205 222 121 51 7 166
150 158 177 159 146 148 334 38 83 212 167 331 194 231 232 149 141 149 194 166 179 214 220 218 214 225 243 198 158 234 179 180 205 272 249 172 136 146 166 169 312 287 246 292 35 138 239 103 118 169 105 71 107 114 141 150 52 183 183 176 174 194 349 274 320 276 260 207 189 125 273 315 12 2 22 207 329 149 50 33 156 252 246 229 156 212 95 59 286 292 235 203 175 181 82 270
319 335 348 342 337 312 240 112 55 326 159 198 141 121 226 139 137 184 195 301 322 219 222 214 210 160 173 184 178 207 322 203 217 236 203 159 154 141 164 139 214 227 271 285 347 204 331 51 89 160 212 142 122 189 141 183 172 133 185 167 161 276 122 286 265 208 177 191 218 190 311 137 4 31 34 87 132 205 228 349 27 158 248 227 193 236 343 74 289 309 341 191 200 202 299 90
278 273 258 169 180 184 172 166 204 235 202 153 138 237 190 140 148 1 24 178 346 213 218 221 212 174 209 185 182 164 270 219 208 163 179 145 136 252 211 181 237 244 235 231 219 133 149 137 104 124 166 168 175 167 128 47 32 174 177 175 184 182 169 166 188 170 155 238 262 215 270 252 172 106 69 85 206 213 261 273 43 50 141 222 197 236 291 65 268 274 285 321 197 189 184 152
240 219 186 165 170 177 167 185 201 201 182 165 128 213 173 144 287 341 42 6 142 115 226 236 221 184 217 195 166 153 176 222 198 217 253 254 240 200 204 194 158 282 259 231 178 171 159 150 152 140 147 181 252 138 124 141 181 175 168 179 203 196 179 200 45 184 99 135 142 154 111 209 197 151 98 52 215 162 327 206 216 53 184 43 277 305 325 24 236 233 247 260 275 303 327 289
233 217 173 151 152 165 173 183 193 194 163 169 129 213 156 282 253 185 158 164 134 112 246 242 218 188 195 184 167 249 191 205 204 234 242 251 226 187 195 183 180 154 223 194 165 150 145 132 141 124 179 168 183 152 277 289 170 176 164 190 205 187 176 197 217 128 277 123 143 73 98 127 265 293 1 51 209 185 179 213 249 142 184 332 326 349 356 247 248 265 263 243 244 207 167 191
203 181 150 144 145 149 27 50 216 258 341 175 72 200 152 267 186 174 168 185 169 134 115 244 212 181 176 173 162 339 203 213 224 100 255 259 172 172 184 194 186 238 176 154 173 167 151 162 176 177 156 159 185 192 116 229 203 169 180 156 193 180 181 199 232 224 197 229 113 172 125 161 120 259 317 25 216 191 75 123 261 83 194 270 286 58 73 116 277 258 217 239 232 173 308 187
142 27 45 147 9 83 127 122 123 128 143 182 206 176 155 213 164 160 154 171 170 165 274 247 183 169 164 170 7 356 15 217 84 264 272 209 169 169 181 208 172 169 184 232 88 156 169 169 166 167 162 150 165 27 193 197 231 187 129 147 167 177 189 203 229 238 70 228 231 218 220 209 272 279 245 168 56 29 66 175 282 339 3 341 257 172 68 271 245 232 248 248 191 339 323 271
63 50 57 44 101 127 152 144 116 115 135 180 193 176 155 160 202 173 155 151 160 300 268 202 160 154 156 170 167 167 164 125 116 282 220 160 179 170 187 206 159 175 210 227 230 234 287 140 157 173 188 147 248 99 109 127 105 159 123 177 331 172 198 217 107 244 210 64 247 235 252 314 306 302 191 190 175 183 59 38 117 293 356 32 1 323 258 234 234 261 275 177 301 333 29 129
94 182 97 96 109 120 153 165 131 117 134 16 34 27 168 162 216 217 216 221 221 225 224 169 177 200 198 172 160 182 187 137 271 249 153 159 187 168 193 202 326 180 232 247 251 259 142 303 139 77 114 144 198 161 132 151 108 132 188 319 161 19 211 96 260 247 217 192 74 71 69 255 232 167 143 202 204 264 336 41 137 256 185 135 66 299 263 263 275 271 229 223 216 221 281 247
177 196 187 118 104 115 144 166 158 130 302 342 30 14 179 358 33 202 25 218 216 226 210 172 150 150 153 169 213 49 161 134 250 183 139 283 212 355 186 38 167 197 240 237 233 238 151 119 133 159 92 167 257 161 76 186 98 277 180 167 158 175 135 65 248 225 206 228 99 87 83 227 208 176 154 187 203 241 245 41 17 268 190 203 90 214 285 291 278 235 56 166 239 265 288 73
22 193 204 154 109 108 122 345 12 331 289 313 19 31 348 5 50 53 113 231 226 227 195 168 147 153 178 180 213 74 247 232 201 195 131 249 238 243 41 36 29 28 222 45 44 228 150 221 184 227 3 34 154 142 211 207 110 263 265 351 57 178 196 354 253 215 205 239 139 100 247 233 206 171 178 206 215 234 235 234 107 199 278 221 135 298 285 275 230 313 7 197 332 279 227 52
199 207 214 183 98 82 87 260 129 195 242 198 170 176 204 176 162 40 46 279 231 225 188 181 279 259 175 201 108 245 91 199 182 215 157 260 207 198 179 184 167 219 27 231 21 241 230 228 234 132 343 50 181 149 190 223 146 97 227 247 357 187 47 266 247 218 226 234 198 88 247 205 176 145 242 91 120 107 217 216 206 185 266 131 265 256 248 215 185 296 333 207 31 311 178 160
259 229 109 217 104 88 74 187 157 166 185 175 175 189 186 183 199 319 24 43 230 219 174 188 166 263 327 207 235 232 235 180 174 231 166 286 218 199 177 185 177 213 200 190 274 260 247 88 74 272 301 36 197 169 98 210 176 125 105 258 243 69 71 253 236 229 216 203 219 88 47 194 351 40 320 314 310 322 140 277 278 261 211 148 249 228 62 192 316 194 222 239 119 163 174 166
199 253 90 250 96 80 66 46 42 44 156 179 179 188 188 199 211 222 197 93 58 335 169 355 204 140 187 113 220 230 229 178 187 238 160 241 218 201 146 166 169 188 181 305 297 289 261 149 121 78 262 326 344 25 84 190 168 137 111 256 213 154 119 240 236 242 183 0 221 234 130 30 72 266 272 262 104 291 325 304 317 233 306 58 281 203 19 15 305 276 256 126 143 173 271 203
82 16 59 45 117 55 26 27 24 25 18 5 10 22 337 221 202 197 193 179 172 278 279 316 145 151 178 172 128 70 211 182 211 223 163 273 170 184 177 163 310 318 319 309 295 279 177 130 216 126 234 234 262 64 71 50 164 141 268 249 211 179 112 240 241 219 143 205 130 264 242 111 78 231 212 230 229 245 251 243 177 177 250 329 343 341 9 38 19 174 280 267 238 211 201 293
355 6 46 44 0 170 176 55 35 25 22 27 35 32 43 70 187 174 181 195 207 216 217 184 160 183 192 200 168 138 201 37 180 204 171 176 144 225 322 260 254 259 263 268 274 264 127 112 140 0 96 216 232 161 75 70 170 142 140 52 242 252 76 242 220 201 219 120 167 284 228 190 51 219 210 237 240 42 38 221 206 205 245 251 243 236 172 102 280 267 248 39 209 211 209 231
146 176 216 11 360 9 26 39 46 166 115 343 161 160 224 160 170 349 166 207 204 202 192 181 187 204 193 200 157 182 194 199 224 202 169 212 221 212 224 225 228 234 229 226 237 222 115 100 117 24 87 209 206 209 34 67 176 288 336 140 355 354 243 4 211 70 268 275 264 208 262 224 160 53 42 64 67 60 41 34 205 182 211 219 207 193 182 158 278 61 346 213 334 4 254 77
68 51 276 310 162 99 95 38 57 181 134 325 166 186 166 70 16 53 130 125 149 188 172 181 195 202 205 239 309 341 192 16 37 189 350 201 288 232 254 257 262 267 265 249 241 202 151 106 238 212 55 31 113 220 249 93 192 213 240 307 356 26 360 0 235 241 237 234 217 191 220 221 196 198 99 68 50 39 33 211 26 12 29 213 204 203 182 184 126 51 261 134 117 219 255 287
34 152 330 177 149 171 186 182 100 185 135 269 147 93 207 180 140 144 158 21 154 102 85 187 122 216 231 260 291 327 191 41 199 6 10 20 22 23 236 238 252 252 245 257 252 171 202 173 103 203 119 358 34 132 269 99 92 138 91 227 198 143 182 248 238 234 236 242 229 110 241 222 186 240 180 134 34 33 42 40 22 31 219 210 8 192 194 195 200 196 267 212 226 235 247 268
274 174 105 149 150 178 212 208 60 102 144 252 131 63 85 180 134 134 153 176 169 172 169 162 174 193 136 242 238 219 180 78 32 104 109 153 195 71 76 111 228 232 236 243 226 130 143 82 179 91 232 211 243 298 337 59 34 184 239 198 199 189 185 188 172 278 280 256 239 243 258 213 175 187 187 191 100 124 75 40 46 236 239 347 0 213 227 267 205 187 322 344 216 228 241 258
138 167 88 101 112 116 104 121 30 178 159 119 116 111 202 166 152 127 137 165 171 175 174 161 178 198 215 95 220 209 199 182 161 164 177 170 170 269 264 266 262 240 215 223 215 125 265 298 35 165 77 201 209 221 226 3 30 84 160 244 234 260 0 130 254 255 236 248 240 244 237 184 285 308 317 57 209 183 138 50 199 191 35 351 28 229 255 277 302 332 270 227 110 98 105 281
95 105 104 33 108 120 120 129 23 50 34 141 121 178 176 149 167 161 126 318 355 179 351 172 198 223 201 154 265 247 212 170 162 158 170 179 184 193 170 279 221 190 195 222 226 119 217 206 243 359 79 102 201 91 227 220 70 36 354 354 33 273 260 232 254 149 272 291 292 266 227 182 200 11 285 207 233 188 173 182 129 167 35 201 114 131 120 269 252 238 256 254 142 126 293 287
118 113 126 127 124 126 124 129 112 60 18 169 155 166 168 132 152 13 62 127 139 160 351 189 206 217 181 157 328 147 30 122 157 164 287 289 267 260 238 183 217 339 201 228 218 180 116 218 221 193 147 179 136 150 171 227 229 323 342 11 75 127 205 127 134 299 305 292 255 250 195 334 178 110 190 210 215 178 166 180 176 169 168 156 317 146 138 292 312 9 102 175 147 298 292 289
108 106 118 133 132 127 121 120 132 4 44 82 167 170 171 127 112 132 43 71 138 273 349 171 219 206 176 267 253 251 85 95 256 261 217 188 201 209 187 305 329 29 226 85 218 193 184 117 232 187 170 185 175 235 192 234 246 225 187 169 123 125 202 317 290 283 239 192 205 220 200 258 36 96 155 206 241 179 168 13 188 171 165 165 321 21 39 305 359 87 300 154 311 311 305 290
116 112 113 117 118 112 109 106 109 129 72 94 168 168 178 144 115 102 123 14 341 130 339 71 87 210 199 142 206 219 291 35 214 208 180 181 214 226 177 274 313 93 149 197 221 185 215 180 120 109 125 165 140 157 166 298 239 206 185 174 291 342 127 268 239 216 199 194 235 238 228 269 217 244 20 344 128 165 178 170 190 175 167 165 207 149 354 279 156 101 286 281 269 250 249 261
110 106 98 89 90 99 107 105 104 115 142 92 164 10 186 165 308 299 303 343 9 253 184 136 91 197 195 356 8 138 263 5 200 20 176 188 218 218 186 268 281 238 253 239 205 209 232 186 139 139 151 165 147 266 165 4 4 337 167 214 250 110 230 201 211 209 211 223 232 203 249 249 244 34 354 211 117 148 357 171 184 177 178 274 314 323 1 166 204 145 292 285 278 275 276 277
101 94 92 93 96 95 178 170 173 180 167 105 306 1 38 179 132 265 256 158 167 157 163 174 83 43 197 349 202 183 148 246 9 200 185 197 62 206 186 284 276 234 232 18 210 233 231 165 139 144 166 172 162 251 266 352 13 275 60 218 256 235 196 208 233 242 251 243 214 201 248 232 226 232 177 144 115 146 278 336 24 9 336 340 304 254 131 130 169 315 302 280 276 285 273 176
126 110 97 96 94 88 86 95 91 152 224 271 109 130 67 88 162 230 72 90 178 163 165 219 170 43 289 202 114 201 247 266 298 336 353 190 54 204 200 318 264 259 244 232 241 250 200 148 145 144 169 175 164 165 245 199 194 237 266 252 244 220 222 258 268 267 251 214 226 264 235 313 304 121 143 184 101 254 233 246 343 12 25 103 165 183 161 312 307 322 342 291 261 143 227 254
72 152 131 120 108 94 85 82 81 82 103 124 133 133 83 63 49 275 152 113 198 165 185 224 225 153 195 164 114 133 240 240 234 232 212 33 45 45 220 264 194 279 254 266 266 226 166 137 143 154 5 10 164 188 173 184 204 211 130 236 226 238 259 259 240 222 201 206 251 209 285 324 289 110 124 151 82 224 239 236 215 158 144 150 169 164 320 325 301 292 335 187 301 121 268 285
171 160 150 143 137 132 112 67 158 64 78 95 202 174 162 60 37 24 25 332 323 108 165 218 272 338 20 38 66 51 290 221 208 216 207 234 71 71 254 257 246 225 255 265 223 189 164 124 143 140 241 182 173 66 208 199 186 206 192 254 258 259 239 224 228 225 211 223 246 180 229 198 200 103 243 196 107 77 238 213 194 177 162 322 342 339 325 335 328 312 302 180 179 303 216 214
144 139 139 137 138 146 21 174 115 98 90 76 174 178 222 154 73 96 93 230 176 136 143 283 280 285 58 66 40 14 7 40 171 222 214 208 174 146 289 31 239 57 260 241 172 184 182 128 162 207 260 299 112 150 227 86 250 252 250 269 266 223 202 215 231 221 191 35 204 162 209 195 232 351 198 205 177 76 53 216 339 340 324 309 329 338 329 333 339 336 314 345 161 347 213 210
132 134 141 135 127 292 142 167 165 109 99 106 107 104 247 205 119 131 140 167 145 153 268 304 298 189 170 148 144 360 36 40 17 329 281 199 191 200 209 151 269 263 245 197 155 332 25 354 223 249 272 196 77 113 224 216 231 244 246 238 204 195 217 240 242 193 176 208 217 172 167 224 215 189 220 227 193 149 218 223 163 308 306 293 286 284 252 256 264 230 207 205 238 274 308 225
109 117 136 37 153 144 140 88 71 120 95 261 9 74 240 197 128 122 124 64 89 69 282 284 89 129 166 167 177 188 197 330 359 356 20 84 187 202 294 306 290 281 248 255 302 168 48 72 147 117 286 317 45 208 48 200 164 240 218 222 350 220 258 266 257 163 212 236 213 185 193 219 184 219 128 217 165 164 161 215 177 139 221 227 319 197 203 219 194 187 215 2 193 207 213 208
109 107 119 15 322 3 19 28 32 116 315 248 63 120 192 200 154 123 147 162 153 52 282 248 136 119 149 175 163 182 215 230 209 227 60 69 62 262 272 279 276 279 237 150 299 349 157 136 153 273 271 234 88 54 49 213 233 230 196 303 221 249 252 244 227 170 174 196 187 205 213 194 187 226 226 199 317 334 193 42 222 3 199 203 353 352 208 206 327 190 340 77 185 210 352 14
106 93 148 197 286 348 21 22 49 50 44 67 37 25 29 18 356 4 355 149 173 223 218 157 172 164 173 177 174 172 189 230 245 258 145 93 65 74 259 266 261 249 156 115 303 100 100 156 292 119 226 186 181 164 110 234 212 204 194 202 239 252 250 234 194 166 179 184 179 207 203 184 191 201 207 209 156 166 64 29 201 353 7 6 15 16 2 5 343 301 266 102 97 98 130 140
92 158 192 224 254 171 140 152 154 43 36 24 274 30 31 15 155 13 14 53 55 43 26 178 12 360 18 41 19 136 176 232 226 225 164 117 138 154 273 262 229 235 196 233 95 160 141 7 331 167 197 187 213 212 123 51 186 350 220 224 240 248 250 227 158 240 181 181 188 211 192 181 196 208 229 243 159 224 180 5 230 208 27 59 112 179 290 84 156 179 170 161 158 159 160 257
154 151 84 71 240 180 137 128 282 231 84 60 43 55 29 56 32 341 359 10 13 8 359 9 8 329 327 358 19 19 14 323 256 267 349 88 109 186 235 207 20 229 218 93 225 182 323 312 358 94 212 249 273 293 332 1 209 45 165 169 122 271 233 191 177 163 184 196 219 204 173 186 232 175 133 252 122 226 260 267 158 194 179 118 126 184 184 162 167 171 169 167 170 169 162 155
3 96 149 71 244 178 144 181 194 168 156 144 355 357 6 26 4 336 352 5 0 3 8 16 354 336 338 14 32 26 8 352 332 316 349 41 56 49 238 239 65 60 215 181 119 198 242 269 91 81 297 296 251 254 280 1 84 261 272 285 287 277 186 179 174 174 194 223 212 168 169 210 250 256 238 230 167 260 235 187 149 166 182 157 139 167 167 167 169 171 175 330 170 171 177 175
291 84 88 95 73 64 169 183 204 146 123 145 227 256 38 60 339 307 14 52 297 231 102 35 324 313 134 135 149 155 301 305 298 224 208 340 39 22 358 355 35 68 216 173 285 118 79 226 159 149 288 247 179 209 234 179 105 62 262 244 249 212 285 143 329 356 129 214 185 166 179 223 241 238 232 243 181 262 243 166 161 148 206 221 274 276 166 282 283 318 345 326 329 332 310 289
308 55 53 268 237 138 153 193 192 169 178 127 168 32 198 151 263 301 23 60 5 147 137 281 243 178 133 132 129 177 204 210 204 172 185 213 218 27 13 24 45 41 357 348 67 222 66 191 173 211 256 146 121 203 230 207 124 265 258 253 258 233 262 151 301 46 187 186 169 183 190 220 241 235 239 239 169 246 191 160 179 85 245 245 236 210 204 210 220 232 232 186 202 195 185 185
270 93 101 254 284 29 91 179 162 349 212 86 51 315 248 172 192 232 194 71 353 83 21 307 259 152 124 156 166 167 75 42 227 174 149 189 213 197 169 145 98 56 344 353 74 107 85 40 38 75 249 165 117 277 252 213 215 98 256 265 259 276 278 268 286 71 89 23 320 319 183 60 226 230 238 219 153 146 161 216 206 203 214 228 215 196 208 9 215 230 205 160 191 181 178 186
223 109 40 318 316 34 87 178 140 335 45 45 12 4 331 71 57 254 44 136 106 70 342 309 206 118 95 99 133 54 343 302 256 159 5 57 271 221 162 167 149 121 131 151 90 51 206 39 88 50 261 51 126 227 215 203 234 138 60 53 37 285 277 264 201 156 85 191 311 325 26 214 63 258 257 198 147 149 178 216 286 193 217 228 201 355 221 51 250 260 163 155 193 176 173 188
