WindNinja_Processing/data/realOutput/ang.asc
ncols	128
nrows	156
xllcorner	702885.824553
yllcorner	4020706.687586
cellsize	131.100000
NODATA_value	-9999.000000
[rows 0 to 43 of 156, columns 0 to 95 of 128]
275 306 21 16 343 8 36 153 229 289 325 14 3 18 360 310 322 16 22 356 3 12 5 13 228 348 181 349 3 39 255 255 263 266 260 254 251 142 268 48 102 186 280 23 82 160 179 239 298 311 31 73 97 290 8 324 340 22 22 345 1 15 33 278 6 235 196 264 243 253 157 191 163 81 194 198 173 208 215 149 188 178 176 237 181 118 193 205 323 84 98 89 13 38 26 294
275 306 21 16 343 8 36 153 229 289 325 14 3 18 360 310 322 16 22 356 3 12 5 13 228 348 181 349 3 39 255 255 263 266 260 254 251 142 268 48 102 186 280 23 82 160 179 239 298 311 31 73 97 290 8 324 340 22 22 345 1 15 33 278 6 235 196 264 243 253 157 191 163 81 194 198 173 208 215 149 188 178 176 237 181 118 193 205 323 84 98 89 13 38 26 294
275 306 21 16 343 8 36 153 229 289 325 14 3 18 360 310 322 16 22 356 3 12 5 13 228 348 181 349 3 39 255 255 263 266 260 254 251 142 268 48 102 186 280 23 82 160 179 239 298 311 31 73 97 290 8 324 340 22 22 345 1 15 33 278 6 235 196 264 243 253 157 191 163 81 194 198 173 208 215 149 188 178 176 237 181 118 193 205 323 84 98 89 13 38 26 294
277 276 21 359 318 318 44 86 274 78 259 99 104 132 279 298 313 55 33 331 359 23 13 20 344 323 336 19 109 149 114 261 276 234 270 265 266 127 88 101 98 49 88 69 99 136 206 283 308 127 153 123 353 88 356 338 322 42 48 297 299 16 24 7 250 278 186 287 236 279 283 22 193 185 186 118 162 217 210 158 176 159 193 236 153 145 64 88 98 94 20 43 68 63 65 33
295 314 358 354 348 333 7 10 320 300 310 141 123 73 61 292 144 359 74 307 355 354 358 7 303 229 194 161 148 178 170 105 75 255 194 255 256 151 81 176 110 72 258 187 97 76 100 95 73 130 159 73 103 336 1 350 297 74 63 346 276 302 17 25 277 282 152 194 133 301 280 257 35 40 40 203 186 111 195 171 185 140 70 78 61 75 101 293 77 222 138 223 86 90 135 273
244 270 321 12 8 142 196 292 333 315 349 105 137 317 327 355 101 9 255 308 352 347 1 6 24 77 308 101 120 184 200 234 40 16 43 73 84 102 87 166 80 204 170 204 137 41 299 243 146 110 79 101 315 20 87 162 285 49 58 25 273 236 162 148 297 298 308 137 134 134 315 277 159 123 98 59 193 184 172 96 62 60 92 256 2 353 87 66 54 44 41 55 50 113 32 30
158 208 225 177 137 125 192 62 157 165 243 81 145 48 32 67 89 359 254 271 237 192 159 167 98 111 214 275 290 93 212 232 295 359 59 102 270 243 128 124 126 176 55 63 52 185 213 53 104 31 331 63 45 188 158 215 279 63 72 46 295 212 144 293 288 282 305 132 302 289 303 339 48 67 76 59 192 186 22 170 176 31 145 61 91 51 91 83 48 50 45 45 32 5 45 35
103 150 229 215 90 70 353 68 140 143 49 65 88 44 36 17 102 87 55 260 353 185 358 208 124 207 149 107 99 299 293 251 268 347 286 295 285 303 120 149 140 143 129 20 59 56 74 268 286 338 88 32 45 52 218 279 241 148 166 113 29 149 101 105 288 255 298 292 301 319 314 15 69 65 37 358 189 55 32 20 175 171 88 59 77 50 116 200 28 36 15 32 30 16 32 29
6 8 353 276 138 94 325 301 88 5 47 95 7 39 24 20 86 45 294 354 45 53 8 249 151 173 165 307 160 53 281 19 252 188 284 298 300 105 124 331 46 149 145 33 59 101 96 220 205 43 52 32 344 296 230 210 183 154 223 207 139 176 113 276 280 213 291 109 301 297 302 119 133 100 5 350 38 67 53 328 21 59 57 218 68 171 139 62 98 110 151 102 85 98 107 96
299 342 38 338 123 154 63 306 114 22 44 85 56 22 231 23 166 1 185 343 344 141 357 2 343 168 165 129 238 326 72 316 243 177 294 299 274 119 123 43 87 174 135 89 35 166 158 101 79 78 316 9 343 8 116 40 36 164 220 204 182 199 105 90 252 259 99 91 245 260 213 102 144 146 217 169 87 67 29 349 14 45 50 213 180 234 119 347 327 315 70 11 35 4 153 12
248 229 78 58 95 106 269 183 91 49 279 119 11 41 28 27 202 357 112 156 356 348 344 357 1 219 127 40 325 247 77 61 268 159 295 267 340 142 131 109 79 61 159 128 314 350 30 60 109 69 52 196 52 167 68 4 332 17 135 205 232 165 66 77 248 81 76 83 329 261 180 114 212 202 104 153 124 84 52 350 7 30 44 41 58 121 87 100 60 135 163 276 35 141 132 143
197 213 209 72 75 21 54 31 359 320 3 107 6 143 12 328 32 139 331 71 10 6 337 342 269 296 348 3 340 349 27 33 36 95 72 133 107 121 121 125 113 26 37 139 105 141 20 35 174 142 103 79 76 210 313 340 13 48 56 313 221 219 94 75 69 68 82 81 307 234 161 133 204 233 74 74 204 116 109 274 95 100 83 66 45 205 79 216 179 78 116 128 39 322 343 132
106 210 243 271 74 88 35 242 45 33 72 43 2 13 328 7 136 148 6 141 81 337 340 359 287 294 335 341 1 24 72 109 67 64 67 72 262 252 209 201 111 120 15 40 127 97 115 43 15 3 17 18 267 235 239 241 115 90 70 115 157 191 159 99 80 248 87 56 203 172 159 178 218 259 262 65 44 101 104 285 57 94 107 79 29 38 203 89 68 247 335 89 106 129 121 125
95 170 255 243 108 106 252 53 214 184 12 0 0 342 28 67 85 62 301 217 72 54 35 7 255 256 287 299 329 140 161 181 152 309 130 191 112 108 111 108 102 103 110 67 64 132 117 107 106 145 70 20 2 320 267 253 76 61 65 64 99 148 164 168 104 281 84 70 62 164 139 28 62 243 236 102 127 138 198 247 214 65 61 72 322 68 69 39 284 115 82 87 100 104 83 95
86 103 202 195 137 122 48 265 24 165 28 11 1 2 354 85 19 43 37 337 85 83 69 7 264 256 231 169 321 346 211 158 136 143 315 265 120 312 332 336 353 296 127 119 68 131 130 139 50 77 218 304 5 348 333 316 338 74 83 65 71 64 53 123 94 213 336 306 302 50 45 12 250 230 193 168 161 157 236 259 231 85 70 56 46 77 44 172 301 272 98 15 80 167 191 224
74 84 124 186 140 49 50 230 138 322 316 19 2 356 354 222 357 109 107 144 327 168 135 354 241 226 190 349 76 354 292 129 103 98 151 314 326 254 274 316 22 351 315 23 58 125 293 29 144 37 152 308 245 300 330 315 353 80 89 146 69 51 48 91 105 326 317 322 313 34 29 27 7 91 24 152 162 219 79 302 167 178 94 69 66 50 22 70 221 92 153 71 218 140 196 197
73 53 44 28 330 344 320 5 77 22 300 15 356 353 355 185 356 345 165 116 87 346 75 341 357 224 211 341 354 28 87 115 82 61 318 114 29 64 117 292 56 173 192 173 138 272 239 183 119 46 24 75 213 229 182 203 216 99 102 155 196 57 48 82 274 253 270 213 228 153 133 84 31 307 45 53 45 78 271 184 167 212 213 76 60 87 188 67 40 61 182 58 58 152 217 44
48 7 42 58 324 281 300 27 89 14 29 6 355 2 353 347 348 169 245 50 42 19 31 56 331 236 230 243 183 346 125 119 87 68 268 245 133 59 276 102 101 126 183 173 192 229 224 176 161 181 189 77 38 260 165 229 229 127 110 127 286 72 78 84 93 237 248 259 326 148 124 104 312 339 356 38 21 142 263 143 182 225 222 163 55 78 320 12 35 195 64 191 151 205 88 25
316 336 42 58 48 201 34 186 66 350 20 172 0 10 350 348 68 358 297 97 122 157 133 94 315 358 233 205 346 181 124 150 132 112 244 236 201 280 281 238 146 116 231 136 315 285 149 156 221 31 291 355 41 314 340 20 189 153 125 154 200 159 122 90 74 141 242 248 136 137 144 105 327 207 185 99 351 310 21 65 149 241 254 294 11 24 339 5 41 45 62 145 135 59 103 4
241 223 115 92 21 1 336 309 26 67 18 17 5 17 350 287 347 359 343 338 100 183 136 111 86 315 260 174 351 191 323 181 146 135 261 289 281 239 217 207 179 214 351 347 308 271 116 25 306 355 151 353 68 316 333 99 118 153 144 135 205 135 130 155 47 213 285 246 212 77 89 132 219 328 345 35 296 297 6 54 66 88 249 247 297 352 351 87 78 61 46 186 168 149 65 37
147 171 353 165 261 292 347 301 6 118 5 3 230 354 140 1 218 208 141 106 112 165 116 115 73 28 230 338 156 165 124 283 92 68 113 102 80 198 185 203 195 215 211 213 262 162 90 299 262 224 214 152 107 339 93 90 52 43 71 88 241 100 94 217 226 79 358 253 215 209 76 91 180 181 189 191 283 275 276 63 47 319 89 206 228 222 121 127 88 58 36 34 34 53 145 65
70 69 326 190 166 19 18 35 19 164 4 233 6 354 139 357 1 345 344 333 170 170 138 154 101 103 140 154 340 231 357 327 50 16 268 233 142 148 158 192 205 226 212 215 255 153 113 188 211 211 199 160 159 162 129 140 98 93 71 21 77 18 209 216 44 190 4 308 224 222 168 164 172 147 178 226 248 230 229 53 44 22 20 173 71 223 34 22 50 52 35 68 85 50 51 65
74 62 68 128 351 167 40 206 167 218 17 119 0 358 145 350 261 228 338 170 200 169 148 187 160 136 161 100 343 316 352 23 40 108 230 226 188 163 108 151 247 94 181 218 203 167 171 185 227 237 250 342 99 146 139 157 150 123 300 349 37 337 298 99 117 181 234 109 230 224 158 173 212 57 18 103 252 197 245 236 63 24 42 29 299 260 263 5 30 41 38 41 42 160 41 40
107 120 107 58 51 13 313 308 14 313 15 5 137 357 127 188 357 351 344 138 221 176 126 167 158 152 182 222 210 341 190 175 159 165 191 220 216 221 100 91 96 235 147 195 170 164 184 223 88 216 243 289 73 92 99 101 105 116 185 190 159 151 174 145 118 175 220 213 260 316 15 3 313 17 9 316 12 129 221 228 129 79 91 68 279 237 224 218 284 52 49 24 15 31 53 48
87 43 10 33 49 21 347 215 196 140 25 163 25 18 87 137 178 1 200 159 222 236 108 136 147 156 184 188 168 330 196 330 191 115 163 230 249 281 77 40 290 328 24 359 34 11 119 120 1 329 275 237 117 84 104 129 134 121 122 159 149 126 129 206 209 229 269 269 334 301 348 9 312 59 136 258 10 77 200 220 190 198 313 20 73 214 242 240 244 58 44 8 352 43 23 49
48 4 43 97 94 63 79 132 182 15 207 276 347 80 351 77 77 192 342 337 200 339 330 161 154 166 185 172 152 233 300 175 194 4 190 313 281 338 66 134 279 318 8 335 360 8 352 349 136 139 346 259 106 104 127 99 94 123 141 155 119 352 3 206 56 53 150 331 11 283 225 157 256 121 129 137 5 66 26 212 165 182 205 194 154 174 56 253 187 190 194 290 347 2 21 47
326 73 114 102 79 96 106 98 128 4 210 231 7 3 108 113 61 55 142 190 343 335 328 328 163 166 186 232 179 180 328 296 268 307 214 15 109 3 81 63 97 243 261 107 326 84 84 316 300 323 15 6 57 100 151 97 118 114 89 52 311 312 199 74 88 48 165 160 192 197 161 183 212 175 333 133 79 84 23 35 79 137 41 37 155 26 55 219 174 170 205 240 300 353 32 29
187 126 108 101 107 109 104 85 68 42 185 185 14 3 170 5 134 114 134 150 323 149 153 161 186 197 204 172 298 180 23 105 202 219 153 120 257 178 94 26 245 231 260 258 179 137 158 221 239 226 204 142 92 57 27 56 74 34 353 18 303 240 178 83 73 106 161 181 200 140 154 215 287 317 244 236 150 123 176 66 58 55 156 129 22 163 83 60 54 57 91 94 84 86 43 29
94 98 103 104 101 102 100 91 76 56 98 139 9 354 191 182 351 342 170 163 158 161 163 287 182 185 178 171 334 266 8 215 23 228 172 174 198 233 315 60 120 237 259 266 122 113 122 209 250 266 217 135 129 71 47 47 22 17 309 36 95 226 254 79 89 96 94 154 172 82 106 112 133 30 158 200 188 185 191 156 40 26 21 152 122 161 37 149 83 219 198 80 93 213 116 64
90 98 106 106 105 105 100 103 112 130 108 87 75 154 171 356 353 182 173 167 164 165 250 171 169 183 156 32 184 300 260 37 199 47 140 145 228 78 300 65 62 279 89 237 117 110 88 310 272 244 226 93 69 143 125 106 126 129 227 275 36 330 331 81 80 71 58 280 352 58 166 132 152 181 162 96 184 211 219 225 299 340 72 88 114 285 49 31 156 49 230 265 236 192 205 348
99 98 93 91 89 89 100 113 119 121 120 117 123 132 134 219 211 271 221 214 214 218 174 272 163 215 172 167 175 43 219 206 99 70 29 203 158 269 226 115 71 288 260 82 82 86 112 214 225 224 243 187 119 122 110 133 119 147 283 344 335 321 21 64 51 53 12 135 150 69 3 136 177 173 18 186 177 274 277 90 199 254 41 28 149 122 77 31 21 178 107 224 206 212 209 247
82 79 89 107 122 133 115 115 133 144 140 140 150 151 196 195 200 196 195 196 193 194 176 164 164 222 154 202 217 177 168 188 158 121 198 25 37 229 65 202 143 190 231 247 232 76 103 148 43 250 262 181 149 263 69 81 90 337 303 355 348 255 133 93 65 45 343 308 35 78 344 293 161 153 18 53 202 154 199 186 236 285 328 343 335 1 50 341 14 10 3 96 52 78 250 71
96 102 115 124 96 103 120 117 131 147 136 208 188 193 184 194 199 189 198 201 193 191 181 179 165 264 280 190 74 189 189 132 133 198 205 131 179 156 196 207 186 170 202 62 211 197 93 79 98 287 30 347 347 346 71 101 121 284 268 180 160 169 165 159 85 45 279 232 223 6 8 9 166 164 63 85 80 112 158 203 245 287 307 301 244 122 346 311 351 71 58 48 27 268 276 321
101 104 113 141 163 179 149 103 91 195 199 187 180 186 186 195 194 189 201 203 189 184 183 186 170 278 232 185 159 47 272 38 50 191 304 203 23 186 107 239 253 59 102 238 71 61 94 56 101 88 61 274 260 193 111 111 210 266 211 175 173 150 165 178 156 161 202 253 285 290 80 69 144 306 96 78 78 211 178 151 104 251 265 251 141 153 267 266 143 127 129 11 60 280 71 244
97 95 100 112 143 273 336 19 186 183 194 187 180 186 191 193 190 192 202 201 188 181 189 185 175 260 247 152 351 182 10 335 177 187 332 154 156 234 199 168 157 14 184 322 304 268 182 170 57 236 166 155 191 184 141 139 237 260 166 164 139 134 151 136 151 157 197 249 259 198 165 170 147 118 95 70 50 192 187 175 159 91 224 228 296 24 256 250 124 99 108 239 69 18 263 225
85 92 83 23 150 164 359 194 191 201 201 186 176 185 197 194 187 199 206 203 196 179 174 181 179 135 237 143 159 111 132 201 243 190 64 90 212 140 285 157 323 50 72 295 296 313 128 149 23 68 70 184 70 170 139 145 222 238 161 166 148 109 125 143 187 246 331 118 303 117 265 260 246 155 73 59 4 183 190 7 178 190 206 225 230 180 234 236 189 85 89 332 358 47 161 17
104 114 127 268 282 145 186 303 158 122 205 185 171 178 197 195 178 195 208 204 202 178 165 173 177 157 249 256 241 109 103 162 221 222 202 18 207 324 149 153 11 102 112 201 210 175 150 90 86 299 285 285 86 129 130 132 251 250 147 152 153 175 138 129 261 303 347 289 187 128 229 240 255 238 92 57 331 9 68 324 30 53 153 195 212 214 212 197 194 183 71 326 302 68 98 345
105 110 132 211 212 190 181 171 159 125 198 175 176 186 185 188 182 198 215 216 218 155 162 177 173 181 243 243 152 342 204 203 176 244 184 157 197 352 139 283 129 98 87 142 196 162 182 90 305 299 287 254 119 113 112 107 252 225 157 149 358 176 160 354 326 336 75 201 149 157 231 264 256 189 174 281 302 55 80 232 108 43 40 186 247 219 218 224 302 341 42 318 317 40 68 52
166 80 123 170 220 211 145 196 7 203 190 167 181 201 165 189 198 211 238 161 176 234 216 195 170 188 226 251 247 255 333 196 211 351 162 170 135 239 246 177 153 96 47 184 5 198 258 258 242 54 210 214 137 91 97 111 208 199 162 132 353 95 301 327 308 137 116 165 156 175 219 245 206 164 196 199 198 170 110 135 299 355 35 194 187 0 245 238 273 327 12 310 355 136 91 43
133 126 144 178 129 129 172 194 205 199 186 188 184 187 160 195 195 185 203 193 195 163 151 200 168 185 162 256 146 237 225 193 104 60 47 213 302 240 219 284 339 359 12 12 21 71 128 53 44 207 220 201 178 169 150 144 164 181 13 87 72 289 282 202 161 162 153 141 145 227 256 258 251 163 166 179 184 195 167 176 268 324 31 2 32 196 350 300 266 260 318 242 143 138 127 124
112 104 26 150 139 135 180 186 194 201 191 213 170 168 166 201 196 162 194 202 196 196 190 181 170 169 159 160 174 265 292 196 162 308 210 175 183 97 224 237 212 165 174 179 159 82 84 218 58 217 204 180 19 175 161 148 142 24 240 340 30 307 290 132 138 142 172 136 126 76 87 213 234 185 166 163 177 196 179 217 260 287 6 309 46 63 44 335 320 329 108 161 175 147 92 321
179 181 185 152 124 131 180 180 182 196 204 216 159 299 184 216 204 221 207 111 179 184 198 203 171 147 158 175 184 311 147 213 103 232 179 86 73 210 167 192 200 207 185 228 305 54 51 215 212 211 40 60 157 165 153 121 49 25 114 267 356 292 252 140 152 156 202 101 88 95 277 208 227 186 203 185 156 179 231 285 316 323 182 221 116 64 42 2 326 18 103 142 197 208 116 64
178 179 189 185 116 276 173 172 176 205 225 215 238 165 211 227 185 145 184 187 160 168 211 226 183 200 193 179 184 10 210 122 215 183 213 149 149 230 96 147 225 244 261 301 3 113 94 210 214 34 212 210 196 168 167 288 343 6 318 297 252 200 185 164 150 145 165 155 167 63 195 179 207 207 239 206 134 145 87 286 12 89 160 201 219 67 50 52 195 152 270 271 325 206 192 333
140 147 173 196 129 253 226 158 186 147 143 218 201 208 161 227 159 169 128 192 151 175 146 230 198 141 209 166 178 145 223 172 183 184 314 86 202 288 20 200 289 263 251 222 127 130 127 209 61 221 230 211 210 175 170 81 235 188 251 240 186 178 182 178 165 121 125 169 271 60 40 190 239 192 199 196 139 144 258 262 112 110 214 255 240 221 120 123 163 167 117 70 41 303 234 245
