WindNinja_Processing/data/realOutput/ang.asc
ncols	128
nrows	156
xllcorner	702885.824553
yllcorner	4020706.687586
cellsize	131.100000
NODATA_value	-9999.000000
[rows 88 to 131 of 156, columns 0 to 95 of 128]
181 35 331 298 263 110 83 20 85 94 49 43 24 38 149 157 308 47 40 168 18 19 59 35 136 110 130 110 358 321 338 352 76 102 357 51 308 245 151 145 152 153 156 45 39 15 31 30 135 73 49 236 112 171 210 204 216 177 163 65 75 220 238 200 191 204 175 236 271 213 193 99 258 261 247 159 149 154 174 187 177 201 232 226 85 236 269 162 196 221 139 156 194 175 166 189
312 313 268 221 209 166 102 52 269 287 48 49 22 33 23 13 45 75 33 4 46 286 42 65 42 79 349 22 58 297 334 57 99 127 18 272 293 16 344 145 161 159 210 259 356 17 73 47 72 89 49 49 180 7 188 199 200 197 214 111 76 57 83 162 206 234 207 184 197 181 219 144 228 92 119 148 166 161 170 174 341 221 236 220 244 280 179 228 286 141 135 155 194 177 172 215
273 276 275 281 215 164 143 95 74 64 357 28 23 25 18 34 59 59 171 14 344 324 23 23 18 40 329 45 54 267 279 89 96 89 21 38 4 347 142 4 190 198 226 237 238 116 87 60 63 62 132 49 20 12 168 201 214 240 267 48 21 21 40 79 100 249 202 164 196 218 231 148 122 258 235 227 177 164 171 264 284 55 64 237 269 279 275 211 164 146 144 162 191 191 207 235
268 279 279 201 156 177 132 111 75 45 73 346 28 22 25 51 48 26 352 28 51 21 149 23 20 154 344 77 29 290 248 99 78 47 303 16 7 356 340 6 56 188 51 209 216 222 40 27 24 29 21 168 348 172 43 145 254 268 221 257 321 16 48 55 278 254 197 189 187 221 202 138 302 281 132 101 256 266 327 322 203 149 214 269 278 272 188 171 170 159 152 172 194 201 206 206
285 281 290 347 124 168 181 196 100 77 91 307 24 25 45 62 42 9 13 59 49 98 1 33 13 154 29 250 30 315 144 92 47 32 48 303 4 8 79 337 31 124 78 76 251 302 345 13 25 6 0 3 3 12 46 18 132 295 175 220 205 195 104 77 146 227 217 203 161 206 190 140 280 274 140 277 21 248 232 161 161 182 279 270 258 237 140 149 174 161 154 182 198 203 198 195
270 257 185 164 135 141 187 191 149 157 58 73 152 144 55 43 22 127 40 280 28 119 103 31 3 116 53 63 38 126 166 205 243 24 51 73 328 350 299 312 31 39 24 338 307 314 334 62 70 8 296 230 19 32 27 2 356 178 136 175 189 202 182 88 64 290 287 206 124 132 183 316 292 274 299 303 286 206 182 173 149 165 296 286 268 227 124 133 19 171 163 185 197 200 199 185
258 238 157 145 357 145 259 316 318 334 169 29 8 14 98 35 25 19 44 45 179 354 7 24 358 12 62 261 17 117 13 44 217 171 102 85 289 84 274 237 173 48 35 349 292 284 123 124 105 84 192 216 188 111 342 346 72 38 30 185 151 197 188 172 181 171 350 114 113 121 337 323 281 195 303 288 246 191 191 184 303 312 315 309 299 120 116 120 341 4 170 21 19 4 192 185
233 185 160 127 348 176 136 120 107 296 111 338 13 42 99 112 31 26 31 29 179 355 18 17 9 60 67 25 155 10 257 308 176 166 155 118 330 268 216 204 213 176 114 161 256 224 119 96 100 118 129 197 189 171 183 186 319 1 47 64 181 125 174 196 212 200 186 211 92 250 221 300 206 331 285 236 192 180 2 211 161 124 289 287 270 112 269 107 269 317 6 17 27 355 340 197
152 143 340 5 329 121 152 120 94 52 99 305 49 53 68 73 175 156 31 32 23 5 25 10 29 53 31 355 4 16 189 31 15 169 161 326 346 46 43 235 244 199 122 322 276 234 143 97 24 163 173 126 160 148 178 188 225 285 26 37 33 37 184 170 280 170 191 216 101 232 188 173 338 342 318 21 144 167 359 360 332 133 257 81 229 106 254 100 215 237 194 93 49 26 173 162
110 92 103 22 340 328 169 155 313 64 209 212 183 116 82 70 198 170 199 152 118 342 39 31 77 37 13 355 14 18 19 22 160 4 3 351 348 50 44 39 44 198 155 202 31 188 3 169 18 32 214 184 158 142 181 170 281 301 349 1 17 44 80 181 158 166 25 228 138 220 180 179 202 174 29 134 129 308 339 355 11 165 187 103 108 101 91 83 203 218 191 192 205 326 54 92
343 62 101 350 178 327 140 154 119 105 98 159 236 92 76 31 161 166 29 192 132 117 9 9 6 82 174 126 137 329 7 169 251 4 39 11 3 181 62 35 47 17 0 36 70 22 137 9 21 33 41 166 177 188 179 151 223 242 263 132 20 68 83 290 159 326 204 60 7 211 296 320 40 99 126 142 248 216 211 227 317 163 327 140 245 91 80 74 42 26 187 194 205 209 169 65
359 118 109 318 8 345 15 107 126 143 134 317 26 36 45 25 140 161 90 196 187 114 225 151 22 41 23 166 163 336 338 355 193 216 120 305 335 12 45 86 49 15 6 36 36 14 336 357 47 56 37 31 28 30 75 80 170 214 227 221 161 108 69 316 277 194 67 196 223 218 267 245 129 118 241 351 345 341 0 217 222 240 243 218 232 74 74 58 32 27 14 35 216 204 193 182
10 360 142 290 133 44 96 104 110 121 126 139 10 56 20 25 82 137 168 191 202 204 227 232 256 21 23 167 161 259 304 343 42 35 130 274 215 139 69 69 166 34 22 35 28 18 357 65 97 45 25 42 83 96 95 91 107 253 255 195 158 132 21 355 299 311 201 66 233 235 197 237 8 235 211 346 349 352 233 346 24 224 184 198 245 214 67 39 37 34 14 58 57 204 198 205
6 138 359 319 152 168 158 127 112 110 260 236 144 85 12 8 50 178 149 189 200 196 196 206 231 143 4 4 176 350 313 185 80 98 120 114 284 133 68 70 34 13 172 165 161 36 58 297 59 356 35 85 102 93 74 73 12 109 114 360 323 323 3 11 324 315 170 92 168 232 238 273 286 24 12 360 12 22 35 21 218 218 200 237 243 191 352 45 40 34 38 67 47 16 6 211
61 64 109 145 17 161 344 150 134 108 188 184 172 174 217 304 58 191 152 196 176 185 213 176 252 281 120 174 9 11 339 146 93 98 105 277 339 315 16 48 41 182 178 183 55 218 78 46 17 43 107 97 91 73 68 81 90 93 91 305 101 292 337 11 344 316 129 92 104 256 292 303 229 181 161 164 157 241 155 233 170 231 247 249 210 184 185 199 149 42 57 53 18 6 14 38
106 127 136 146 64 152 126 139 147 139 118 117 84 156 238 205 141 143 167 178 269 181 75 203 117 280 328 140 193 313 183 101 106 95 100 98 112 281 338 38 26 6 349 4 49 222 205 28 46 68 75 77 64 49 63 72 69 68 82 94 96 198 201 237 211 164 147 80 66 307 306 42 169 170 156 191 197 170 173 259 222 236 234 210 183 180 196 206 211 190 61 34 19 74 128 315
111 110 118 166 144 114 98 87 109 133 134 146 163 164 123 97 140 13 175 168 338 182 114 230 259 256 174 142 226 233 122 106 99 248 117 273 219 214 197 204 341 357 1 16 47 56 42 194 165 90 52 42 37 45 67 74 72 77 88 81 200 181 221 208 172 186 149 74 57 323 292 96 259 255 273 210 226 289 229 219 1 218 218 189 360 1 12 206 214 206 176 134 73 99 120 328
98 204 170 179 129 61 87 125 152 192 105 120 151 163 20 45 182 174 149 171 168 167 222 224 172 233 195 169 230 196 144 149 117 257 265 290 142 178 224 279 290 349 121 101 79 73 69 191 193 177 173 45 56 65 67 65 70 79 81 81 89 273 272 165 199 238 222 116 72 337 280 104 272 247 237 238 238 310 345 359 206 107 210 169 175 156 177 219 221 197 18 208 146 239 83 229
111 156 169 101 108 103 153 5 155 113 204 188 200 255 39 184 27 176 147 170 186 7 49 226 222 120 99 220 241 168 128 143 251 231 228 212 127 204 276 275 221 174 144 164 167 61 44 16 200 195 198 193 130 104 94 90 91 86 80 88 252 259 156 135 241 188 180 178 130 312 15 92 114 268 216 276 285 297 307 35 114 237 195 264 318 17 74 108 212 188 299 223 227 82 231 243
158 109 79 229 219 182 174 115 75 112 111 101 104 112 142 144 204 268 166 181 184 354 62 233 230 164 261 270 211 167 144 50 71 240 61 215 95 313 276 218 160 174 186 306 332 14 25 34 182 195 190 185 181 110 104 106 101 278 83 55 281 241 145 169 174 173 194 200 171 235 73 86 84 318 320 94 246 260 222 159 106 77 316 164 326 20 59 51 187 320 214 250 233 149 103 87
55 44 150 66 138 134 106 241 129 61 143 128 262 256 117 131 313 333 21 331 189 187 226 198 219 164 262 280 52 22 328 84 77 248 215 108 245 290 243 164 132 154 248 281 124 342 24 36 37 21 3 32 212 138 100 94 95 273 170 192 290 7 122 153 168 220 285 190 186 250 190 110 88 328 350 89 248 244 195 162 104 182 293 299 324 97 108 221 192 115 158 261 227 301 306 332
340 10 34 154 98 115 154 113 100 46 31 127 123 99 215 329 305 340 59 57 195 188 121 79 235 153 299 325 358 186 31 77 114 95 254 73 241 48 204 147 106 25 285 256 199 251 338 33 30 25 23 52 201 172 154 137 310 317 43 290 264 115 95 349 322 311 39 117 273 242 160 124 113 246 296 117 214 230 203 177 117 138 233 251 188 118 121 123 105 242 141 247 204 282 285 329
136 156 115 144 112 91 114 117 105 141 37 133 136 107 98 235 223 209 135 142 318 8 49 69 238 157 311 333 7 193 102 131 149 248 226 184 47 49 33 179 34 62 97 92 210 239 234 135 103 119 62 41 182 354 340 344 334 339 40 349 29 147 81 35 3 12 1 0 266 154 350 135 139 166 162 295 198 224 200 188 109 210 264 247 212 90 60 356 76 59 211 219 214 232 234 231
186 155 133 105 159 100 272 76 95 118 16 34 18 131 100 74 217 190 169 215 268 60 106 82 202 164 285 284 167 68 79 250 229 214 217 212 109 150 87 61 90 89 91 230 253 246 215 160 148 183 348 20 13 351 345 28 255 50 101 52 265 288 63 81 345 12 11 221 237 327 324 157 170 148 143 167 218 224 196 182 176 190 232 251 264 34 27 14 228 53 76 110 263 205 235 231
106 109 157 159 165 150 137 103 81 241 298 21 22 360 140 4 15 129 179 214 213 167 146 118 186 164 310 332 82 48 236 22 222 243 264 264 189 349 189 159 78 59 61 205 225 261 213 145 283 319 279 174 161 190 161 131 163 205 157 129 253 16 81 76 335 1 10 17 235 337 312 348 192 0 179 182 144 201 187 183 180 196 217 233 238 254 39 46 89 117 141 222 256 143 251 256
82 80 174 153 159 165 158 335 126 81 206 186 168 154 121 42 153 85 128 229 202 172 146 133 287 291 281 180 106 229 231 244 260 261 248 193 188 170 47 32 144 75 73 50 45 224 180 161 256 313 116 170 172 173 160 137 167 220 178 143 1 18 356 324 332 341 338 23 30 352 332 175 125 321 172 180 175 34 170 307 172 6 343 254 236 237 148 123 131 128 102 216 207 186 179 280
142 173 173 154 336 22 351 129 340 131 179 213 241 117 147 178 126 35 18 10 111 167 184 239 304 249 195 186 139 111 238 249 247 234 223 174 205 144 175 169 69 120 82 149 66 64 198 72 246 219 111 111 119 142 146 118 127 12 182 155 17 8 358 343 358 128 317 91 35 11 123 120 128 132 160 176 8 40 30 166 337 20 190 196 245 238 206 97 255 236 217 191 206 203 293 288
164 155 332 256 284 340 339 306 105 103 118 101 295 99 112 151 169 209 114 83 54 92 168 239 270 331 38 242 170 155 238 346 50 233 245 153 206 238 197 236 90 213 86 328 358 322 325 84 56 61 152 148 131 76 93 140 340 96 354 17 85 73 316 340 2 1 336 75 107 134 138 317 130 342 123 239 235 71 25 310 287 36 47 56 75 247 249 53 43 80 216 178 17 34 301 268
128 168 172 190 258 300 110 174 157 92 345 293 186 120 139 148 167 177 163 176 73 83 115 217 239 236 41 41 76 108 259 273 63 80 238 171 187 236 161 265 212 211 309 295 324 325 99 47 53 316 112 150 164 94 84 327 341 76 349 291 355 40 83 306 2 26 93 114 119 126 127 124 111 70 29 326 321 6 11 330 304 119 91 88 78 279 264 189 82 70 5 167 18 194 244 269
76 63 98 265 271 244 118 144 158 30 300 261 154 119 108 103 92 117 120 207 185 136 139 215 219 202 213 26 1 10 354 261 231 64 58 186 197 217 176 297 187 209 355 283 216 185 131 200 50 233 110 151 178 181 142 351 222 93 307 39 9 355 119 104 64 112 116 97 99 84 119 335 349 13 4 341 333 2 37 32 143 145 122 94 24 312 328 52 113 74 359 165 71 92 277 304
326 356 14 349 304 192 132 165 163 254 212 187 64 153 111 98 98 100 113 155 162 151 175 254 9 188 237 238 268 51 44 335 305 46 50 26 207 192 171 167 189 230 95 286 353 37 90 194 47 45 137 3 202 270 133 145 327 137 330 246 183 337 124 114 111 131 151 116 259 269 274 284 332 340 351 1 94 156 167 174 153 159 103 58 348 298 326 53 48 25 41 237 248 23 331 325
273 293 4 11 3 102 123 204 212 191 176 231 262 106 126 94 17 45 76 310 351 1 44 323 1 111 318 271 237 161 178 311 317 35 68 71 193 296 297 333 66 235 216 275 330 218 71 106 42 36 24 110 309 332 33 85 138 333 21 318 99 105 100 105 124 138 22 15 111 85 84 94 256 281 70 96 121 142 182 203 155 180 168 148 230 255 246 72 65 73 93 304 285 325 323 336
230 227 211 160 134 110 119 227 227 137 53 41 38 63 112 0 28 35 64 81 306 27 84 301 15 38 351 325 311 5 348 231 247 94 73 68 55 205 279 352 71 100 242 259 276 78 77 51 59 259 80 285 288 303 53 76 82 113 15 202 157 116 93 111 111 330 358 11 20 94 212 209 202 216 196 135 120 136 216 250 119 135 173 192 218 262 263 122 118 144 191 291 301 295 284 234
263 245 230 204 147 102 94 247 194 190 222 47 48 12 93 7 230 190 358 319 311 55 74 240 185 130 324 332 319 339 32 90 214 209 31 29 21 333 301 355 56 68 195 272 230 152 99 44 61 305 200 252 273 239 133 93 73 82 124 208 173 72 102 108 287 205 266 355 44 53 93 61 194 216 203 151 130 157 209 235 210 101 181 253 266 242 184 168 139 151 238 286 319 284 203 187
286 288 270 244 157 111 109 51 132 16 40 52 41 8 56 1 306 17 360 331 330 55 65 185 194 47 41 170 211 209 143 48 29 241 231 278 26 5 277 318 44 51 8 342 54 112 101 133 38 47 18 277 262 154 150 115 80 294 333 108 24 17 121 291 242 179 251 255 92 61 36 33 323 307 228 123 91 63 286 258 213 110 148 246 258 151 154 165 144 113 269 270 282 236 164 138
30 273 291 276 81 37 2 72 108 32 58 54 39 359 91 350 16 259 4 339 354 53 46 94 42 225 36 60 213 208 198 185 101 148 191 199 201 125 291 287 59 60 27 29 261 252 264 93 46 280 344 272 227 151 132 120 112 100 117 315 1 34 322 300 312 310 293 288 86 63 74 67 299 329 359 21 48 28 313 14 184 159 188 265 297 86 103 135 297 341 304 263 246 50 107 127
3 11 18 263 335 359 38 312 340 43 51 46 37 150 149 339 15 13 359 349 30 62 27 33 35 31 32 40 30 284 164 179 184 157 143 187 222 223 239 221 151 106 70 95 259 265 261 258 319 279 15 17 17 173 151 147 136 343 109 315 41 51 333 330 356 322 257 211 110 112 93 5 287 199 216 241 48 35 65 124 1 340 11 289 325 66 87 103 292 332 351 297 260 161 146 184
3 11 31 36 34 30 115 334 6 28 35 35 27 351 335 349 17 4 9 25 63 39 126 26 33 40 48 47 43 35 61 118 238 188 126 112 251 226 208 218 184 129 107 97 98 263 254 260 167 36 164 190 5 22 2 151 351 4 303 311 67 13 330 322 36 105 195 201 159 144 179 247 30 33 343 292 293 20 65 70 321 344 274 265 192 115 97 325 19 247 308 299 342 125 138 245
14 28 51 244 271 18 341 359 29 26 35 31 17 348 340 9 10 1 53 28 322 5 12 33 52 62 54 31 36 38 48 53 273 184 150 168 229 225 212 218 182 166 156 98 27 356 55 271 295 17 159 215 13 23 130 346 92 304 275 195 141 240 246 197 152 141 175 216 154 106 160 21 22 40 133 150 224 187 88 61 44 347 255 227 181 153 90 50 272 51 225 251 32 77 72 263
43 56 57 341 234 6 322 22 41 24 20 13 4 344 343 22 359 13 61 57 108 356 30 45 212 44 31 21 49 55 52 52 147 163 135 219 265 225 171 169 175 187 202 130 307 290 279 266 41 257 348 132 4 25 162 19 84 71 213 201 174 213 189 172 138 128 64 45 248 82 90 30 252 225 161 22 219 196 112 75 65 314 33 27 22 2 84 6 320 348 308 261 186 105 128 199
21 52 60 67 208 19 188 12 27 14 7 360 356 345 351 18 350 30 53 344 144 8 32 46 52 47 63 90 106 107 266 246 65 32 8 340 341 177 123 87 33 282 274 289 322 163 316 305 290 285 317 298 355 25 27 179 100 53 221 231 195 186 178 161 123 79 2 33 201 133 29 44 48 21 132 28 266 273 92 74 88 308 28 278 15 357 356 56 314 6 12 241 172 131 138 191
23 61 296 2 29 65 183 20 13 358 5 356 350 344 348 5 349 35 28 146 344 48 74 88 86 131 129 139 138 341 337 0 206 319 322 332 24 44 41 15 359 346 322 93 303 325 330 154 139 122 221 230 225 8 36 190 182 182 60 215 182 174 191 21 118 82 111 29 9 346 19 44 34 3 3 55 283 330 55 19 72 307 25 265 122 351 48 281 282 32 147 174 158 126 105 303
70 283 264 38 160 355 339 25 355 346 7 360 345 349 343 347 342 18 8 341 80 101 76 72 85 110 110 7 1 339 13 173 235 261 266 254 107 42 344 359 15 38 4 63 288 299 323 187 341 68 131 259 268 248 34 356 183 43 212 172 181 164 15 15 10 338 341 19 7 1 16 35 27 1 37 270 275 342 54 8 60 73 14 62 67 66 65 230 195 29 161 159 139 122 20 305
270 79 27 6 22 4 351 20 8 4 20 350 330 349 3 335 328 354 19 60 83 90 117 102 90 96 281 350 336 314 88 67 23 298 305 218 131 245 287 10 21 10 116 120 307 291 289 292 302 29 178 137 314 325 315 306 188 90 72 210 168 166 170 51 15 330 111 159 42 93 31 72 27 22 68 291 265 190 152 338 105 61 282 233 209 6 137 24 205 174 163 165 127 349 285 261
