WindNinja_Processing/data/realOutput/vel.asc
ncols	128
nrows	156
xllcorner	702885.824553
yllcorner	4020706.687586
cellsize	131.100000
NODATA_value	-9999.000000
[rows 0 to 37 of 156, columns 0 to 83 of 128]
0.00 0.00 0.00 0.00 0.00 0.00 0.00 0.00 0.00 0.02 0.02 0.01 0.01 0.01 0.01 0.02 0.02 0.02 0.01 0.01 0.02 0.02 0.02 0.03 1.83 0.10 0.54 0.06 0.05 0.06 2.07 2.60 2.68 1.72 2.79 3.04 3.36 3.73 0.11 0.03 0.03 0.02 0.04 0.03 0.03 0.02 0.02 0.01 0.02 0.02 0.01 0.02 0.00 0.01 0.01 0.01 0.02 0.02 0.01 0.01 0.02 0.02 0.02 2.08 0.01 0.02 0.01 2.29 2.80 0.07 2.40 2.34 2.70 0.02 0.03 0.04 0.05 0.04 0.02 0.02 0.03 0.03 0.02 0.02
0.00 0.00 0.00 0.00 0.00 0.00 0.00 0.00 0.00 0.02 0.02 0.01 0.01 0.01 0.01 0.02 0.02 0.02 0.01 0.01 0.02 0.02 0.02 0.03 1.83 0.10 0.54 0.06 0.05 0.06 2.07 2.60 2.68 1.72 2.79 3.04 3.36 3.73 0.11 0.03 0.03 0.02 0.04 0.03 0.03 0.02 0.02 0.01 0.02 0.02 0.01 0.02 0.00 0.01 0.01 0.01 0.02 0.02 0.01 0.01 0.02 0.02 0.02 2.08 0.01 0.02 0.01 2.29 2.80 0.07 2.40 2.34 2.70 0.02 0.03 0.04 0.05 0.04 0.02 0.02 0.03 0.03 0.02 0.02
0.00 0.00 0.00 0.00 0.00 0.00 0.00 0.00 0.00 0.02 0.02 0.01 0.01 0.01 0.01 0.02 0.02 0.02 0.01 0.01 0.02 0.02 0.02 0.03 1.83 0.10 0.54 0.06 0.05 0.06 2.07 2.60 2.68 1.72 2.79 3.04 3.36 3.73 0.11 0.03 0.03 0.02 0.04 0.03 0.03 0.02 0.02 0.01 0.02 0.02 0.01 0.02 0.00 0.01 0.01 0.01 0.02 0.02 0.01 0.01 0.02 0.02 0.02 2.08 0.01 0.02 0.01 2.29 2.80 0.07 2.40 2.34 2.70 0.02 0.03 0.04 0.05 0.04 0.02 0.02 0.03 0.03 0.02 0.02
0.00 0.00 0.00 0.00 0.00 0.00 0.00 0.00 0.01 1.90 0.01 0.00 0.01 0.01 0.01 0.03 0.01 0.01 0.01 0.01 0.01 0.01 0.01 0.02 0.03 0.05 0.06 0.03 0.02 0.02 0.03 2.47 2.42 0.05 2.18 2.97 3.34 3.41 2.98 0.03 0.05 0.02 3.53 0.01 0.05 0.04 0.03 0.05 0.03 0.01 0.03 0.02 0.02 2.10 0.02 0.02 0.02 0.02 0.01 0.00 0.01 0.01 0.02 0.03 2.13 2.43 0.05 1.85 2.41 0.07 0.04 0.05 1.96 2.30 2.33 0.03 0.06 0.07 0.05 0.03 0.02 0.05 0.05 0.05
0.00 0.00 0.00 0.00 0.00 0.01 0.01 0.01 0.02 0.02 0.00 0.00 0.01 0.01 2.02 0.02 0.00 1.70 0.00 0.01 0.01 0.01 0.01 0.01 0.01 0.02 0.05 0.05 0.04 0.03 0.03 0.03 0.04 0.01 0.03 2.03 2.54 2.62 2.30 0.06 0.04 2.82 0.05 0.03 0.05 0.04 3.25 3.26 2.29 0.05 0.03 2.55 2.16 0.04 0.02 0.01 0.01 0.01 0.01 0.00 0.01 0.01 0.01 0.01 1.80 2.34 0.06 0.05 2.74 0.07 0.03 0.01 0.02 0.05 0.06 2.18 2.19 2.45 0.04 0.05 0.05 0.06 2.44 3.45
0.00 0.00 0.00 0.00 0.00 0.01 0.01 0.02 0.02 0.01 0.00 0.01 0.00 0.03 0.04 0.02 0.02 1.95 0.01 0.01 0.01 0.01 0.01 0.01 0.01 0.01 0.01 0.02 0.03 0.02 0.02 0.00 0.02 0.03 0.02 0.06 0.09 0.05 3.98 0.07 2.43 0.06 0.05 0.06 0.02 0.03 0.03 0.04 0.03 0.05 2.65 2.23 0.04 0.01 0.01 0.00 0.01 0.01 0.01 0.01 0.01 0.01 0.01 0.03 2.13 2.40 2.33 2.46 2.25 2.20 0.01 0.01 0.01 0.02 0.02 0.05 2.05 1.72 2.31 0.02 2.47 1.31 2.22 0.06
0.00 0.01 0.01 0.00 0.01 0.03 0.02 1.97 0.00 0.01 0.01 0.02 0.00 2.07 1.77 0.01 0.04 1.37 0.03 0.02 0.01 0.01 0.02 0.01 0.01 0.01 0.01 1.87 2.28 0.02 0.02 0.03 0.02 0.04 0.06 0.06 2.31 2.62 2.66 2.99 0.04 0.06 2.18 2.70 2.60 0.05 0.03 2.88 2.63 0.05 0.02 2.29 2.01 0.05 0.02 0.00 0.01 0.01 0.01 0.01 0.01 0.01 0.02 2.04 2.18 2.42 0.04 2.16 0.07 0.02 0.02 0.02 0.02 0.02 0.01 0.01 1.91 1.78 0.06 2.03 2.13 0.05 0.03 2.57
0.01 0.00 0.01 0.01 0.00 0.03 0.01 1.77 0.01 0.01 1.25 0.03 0.02 2.27 1.93 1.80 0.04 0.02 1.94 0.02 2.05 0.04 1.75 0.01 0.01 0.01 0.01 0.04 0.02 3.32 0.00 0.03 0.03 0.02 3.07 2.57 2.29 2.88 2.61 2.07 2.62 3.20 2.94 0.02 2.63 2.17 3.43 0.04 0.02 0.01 0.03 2.37 2.49 2.25 0.03 0.01 0.01 0.02 0.01 0.00 0.00 0.00 0.01 0.05 2.23 1.99 0.07 0.09 0.03 0.03 0.03 0.01 0.02 0.02 0.02 0.03 1.78 0.03 0.01 0.03 1.79 1.63 0.07 3.28
0.01 0.01 0.01 0.01 0.01 0.01 0.02 0.03 0.01 0.00 2.37 0.02 1.51 2.02 1.65 1.87 0.02 0.03 0.02 1.48 0.01 0.01 1.88 0.02 0.03 0.04 0.05 2.14 0.02 0.02 2.50 0.01 0.04 0.02 2.99 2.80 2.69 3.49 3.05 0.01 0.06 2.41 3.52 0.09 0.08 2.89 3.14 0.07 0.05 2.34 0.03 0.04 0.03 0.02 0.03 0.04 0.04 0.02 0.02 0.01 0.01 0.01 0.02 1.69 2.22 0.01 0.07 2.20 0.03 0.03 0.01 0.03 0.02 0.01 0.01 0.02 0.02 0.03 0.01 0.01 0.01 0.04 0.11 2.12
0.02 0.01 0.01 0.00 0.02 0.02 2.55 0.01 0.03 1.98 1.88 0.01 0.03 0.02 0.01 2.27 0.01 1.55 0.02 1.92 2.14 0.02 1.62 1.72 2.07 0.03 0.02 0.02 0.01 0.01 0.04 2.41 0.04 0.05 3.06 3.16 3.00 4.91 4.64 0.03 0.05 0.01 3.24 0.03 0.08 2.72 2.97 3.02 2.95 2.75 0.02 0.04 0.04 0.03 0.02 2.14 2.05 0.02 0.01 0.01 0.01 0.00 0.02 0.10 1.99 0.02 2.38 2.11 0.01 0.04 0.00 0.03 0.01 0.00 0.00 0.00 0.01 0.02 0.02 0.02 0.02 0.02 0.09 1.60
0.02 0.01 0.01 0.01 0.03 0.00 0.05 0.01 0.03 2.20 0.02 0.01 1.95 0.02 0.02 2.41 0.01 1.36 0.01 0.03 2.49 2.47 2.56 2.15 2.03 0.01 0.00 0.01 0.01 0.01 0.02 0.05 0.02 0.06 3.30 2.64 0.12 2.70 3.36 0.02 0.05 0.01 0.03 3.06 0.02 0.05 0.06 0.06 2.87 2.69 2.62 0.05 1.87 0.01 0.02 0.02 0.02 0.00 0.00 0.00 0.01 0.00 0.01 0.09 2.10 2.48 2.13 2.07 0.01 0.03 0.02 0.03 0.01 0.00 0.00 0.01 0.00 0.01 0.01 0.01 0.01 0.02 0.04 0.08
0.01 0.01 0.01 0.00 0.03 0.00 2.71 1.17 0.01 0.03 1.91 0.01 1.98 0.01 1.95 0.02 0.01 0.01 1.64 0.02 0.01 2.30 1.91 2.75 0.02 0.02 0.01 0.01 0.01 0.01 0.01 0.03 0.03 0.04 0.08 0.06 3.10 1.55 2.88 2.80 0.02 0.03 0.04 2.86 2.54 2.79 0.05 0.08 2.48 2.87 2.69 2.53 2.43 0.02 0.00 0.03 0.02 0.01 0.00 0.00 0.01 0.01 0.01 0.06 0.11 0.04 2.43 2.26 0.01 0.01 0.02 0.02 0.01 0.01 0.00 0.00 0.00 0.01 0.00 0.00 0.00 0.01 0.01 0.03
0.01 0.01 0.01 0.01 0.03 0.02 2.59 0.03 2.10 1.62 0.00 0.01 1.87 0.01 0.01 2.03 0.03 0.03 1.93 0.01 0.02 2.44 2.43 1.56 0.03 0.02 0.01 0.02 0.02 0.02 0.01 0.01 0.03 0.06 0.07 0.05 0.03 0.05 0.03 0.04 2.91 2.97 0.05 0.06 3.00 2.68 2.23 0.03 0.06 0.07 0.05 0.02 0.02 0.02 0.02 0.02 0.01 0.01 0.00 0.00 0.00 0.01 0.02 0.02 0.10 2.33 2.38 2.05 0.05 0.04 0.05 0.04 0.02 0.02 0.00 0.01 0.00 0.01 0.00 0.01 0.01 0.01 0.01 0.01
0.02 0.00 0.02 0.01 0.03 0.03 0.02 2.67 0.02 0.03 1.99 2.00 1.91 0.02 0.02 0.01 0.02 0.02 0.01 0.01 0.02 0.03 0.02 2.34 0.03 0.02 0.01 0.01 0.78 0.04 0.02 0.02 0.05 3.20 0.09 0.04 3.12 3.24 3.13 2.88 3.15 3.06 2.93 0.04 0.03 2.77 2.58 0.01 0.01 0.01 0.01 0.02 0.03 0.01 0.01 0.02 0.00 0.01 0.00 0.00 0.01 0.02 0.02 0.02 0.09 2.18 1.73 2.41 2.33 0.05 0.06 1.98 1.92 0.04 0.01 0.00 0.01 0.02 0.01 0.02 0.00 0.01 0.01 0.01
0.02 0.00 0.02 0.03 0.04 0.03 2.60 0.02 1.76 0.03 1.97 1.90 1.81 1.95 1.99 0.00 0.02 0.03 0.01 0.00 0.00 0.02 0.02 2.32 0.03 0.02 0.02 0.03 2.81 2.72 0.03 0.02 0.07 0.09 3.29 0.03 2.77 0.04 0.03 0.04 0.02 0.01 2.84 2.83 0.04 2.23 2.45 2.50 0.03 0.02 0.01 0.01 0.02 0.02 0.02 0.01 0.00 0.01 0.01 0.00 0.02 0.02 0.01 0.02 0.05 2.63 0.07 0.06 0.02 0.02 0.05 0.03 0.04 0.06 0.04 0.05 0.05 0.03 0.02 0.02 0.01 0.01 0.01 0.01
0.01 0.01 0.01 0.02 0.01 0.01 2.66 0.01 0.01 0.01 0.02 2.03 1.93 1.88 2.08 0.01 1.98 0.03 0.01 0.02 2.79 0.03 0.02 1.94 0.03 0.02 0.02 1.49 0.02 0.03 0.02 0.02 0.07 0.07 3.06 0.12 0.06 0.01 0.04 0.03 0.02 0.02 0.02 0.01 0.03 2.58 0.04 0.01 2.13 0.03 2.33 0.01 0.01 0.01 0.01 0.01 0.00 0.01 0.01 0.00 0.01 0.02 0.02 0.03 0.04 0.01 0.05 0.03 0.01 0.02 0.03 0.04 0.02 2.38 1.96 0.05 0.04 0.02 1.84 0.02 0.01 0.01 0.01 0.01
0.01 0.01 0.02 0.02 0.01 0.02 0.03 0.01 0.01 2.18 0.02 1.96 2.01 2.06 2.05 0.01 2.04 2.04 0.02 0.02 0.02 0.01 0.01 2.11 2.08 0.04 0.01 0.01 0.02 0.02 0.01 0.01 0.06 0.06 0.05 3.23 0.04 0.02 3.00 0.03 0.01 0.00 0.02 0.02 0.01 0.01 0.02 0.02 0.02 0.01 0.02 0.02 0.01 0.02 0.01 0.01 0.01 0.01 0.01 0.00 0.00 0.01 0.02 0.05 1.94 0.03 0.04 0.00 0.01 0.01 0.01 0.01 0.01 0.01 0.01 0.04 0.03 2.02 0.04 0.01 0.02 0.02 0.01 0.01
0.00 0.01 0.01 0.02 0.01 0.02 0.02 0.65 0.02 1.85 1.70 1.99 2.01 2.08 2.03 1.96 2.20 0.01 0.01 0.01 0.02 0.01 0.02 0.03 2.22 0.04 0.03 0.02 0.01 2.57 0.02 0.01 0.04 0.04 0.06 0.08 0.03 0.02 0.04 2.59 0.02 0.02 0.01 0.01 0.01 0.02 0.01 0.02 0.02 0.02 0.01 0.02 0.01 0.01 0.00 0.01 0.01 0.01 0.01 0.00 0.00 0.00 0.02 0.06 0.06 0.04 0.05 0.01 0.00 0.00 0.00 0.00 0.00 0.01 0.01 0.03 0.03 2.14 0.01 0.03 0.03 0.03 0.02 0.00
0.02 0.02 0.02 0.02 0.01 0.01 2.38 0.02 0.02 0.01 2.53 0.01 2.16 2.03 1.39 2.23 0.01 0.01 0.01 0.01 0.02 0.01 0.00 0.03 2.40 1.90 0.04 0.03 2.84 0.02 0.02 0.03 0.03 0.03 0.04 0.06 0.03 0.01 0.03 0.03 0.02 0.01 0.00 0.00 0.00 0.02 0.01 0.02 0.01 0.00 0.02 0.02 0.02 0.01 0.01 0.01 0.00 0.01 0.01 0.00 0.01 0.01 0.02 0.04 0.06 0.01 0.06 0.04 0.00 0.00 0.00 0.00 0.00 0.00 0.00 0.00 0.01 0.02 0.02 0.04 0.02 0.04 0.02 0.01
0.02 0.01 0.01 0.02 0.01 0.02 0.02 0.02 0.02 0.02 2.30 2.23 2.05 0.00 2.29 0.01 1.91 0.02 0.01 1.97 0.01 0.00 0.01 0.02 0.02 2.34 0.04 0.02 2.46 0.04 2.55 0.04 0.03 0.04 0.06 0.04 0.01 0.02 0.02 0.02 0.02 0.00 0.00 0.00 0.01 0.01 0.02 0.00 0.03 0.03 2.31 0.02 0.02 0.01 0.00 0.01 0.01 0.00 0.00 0.00 0.00 0.01 0.03 0.02 0.03 3.25 0.03 0.06 0.01 0.00 0.00 0.00 0.00 0.00 0.00 0.00 0.01 0.02 0.02 0.04 0.03 1.98 0.04 0.01
0.02 0.03 1.87 0.02 0.01 0.02 0.01 0.01 2.04 0.03 1.96 2.26 0.02 2.20 0.02 2.15 0.02 0.01 0.01 0.02 0.01 0.01 0.01 0.01 0.02 0.01 0.02 2.93 0.03 0.02 0.02 0.01 0.02 0.02 3.24 2.37 0.01 0.02 0.03 0.03 0.03 0.03 0.01 0.00 0.01 0.00 0.01 0.01 0.03 0.01 0.01 0.01 0.01 0.00 0.00 0.01 0.01 0.01 0.00 0.00 0.00 0.01 0.03 0.00 0.01 0.04 0.01 0.04 0.03 0.01 0.00 0.00 0.01 0.01 0.02 0.01 0.01 0.02 0.00 0.02 0.03 0.01 1.86 0.03
0.02 0.02 0.00 0.01 0.04 2.83 2.82 2.83 1.96 0.03 2.02 0.01 2.31 2.20 0.03 2.32 2.31 2.45 2.06 2.42 0.02 0.01 0.02 0.01 0.00 0.01 0.01 0.03 3.06 0.02 0.01 0.01 0.02 0.03 0.06 0.04 0.02 0.01 0.02 0.03 0.04 0.03 0.02 0.01 0.02 0.00 0.01 0.01 0.03 0.03 0.01 0.01 0.01 0.01 0.01 0.00 0.00 0.01 0.00 0.00 0.00 0.01 2.32 2.28 0.03 2.27 0.01 0.01 0.02 0.02 0.02 0.02 0.02 0.03 0.03 0.03 0.02 0.01 0.01 0.00 0.02 0.02 0.01 0.01
0.01 0.01 0.01 0.02 2.08 0.03 3.04 0.02 0.02 0.01 2.00 0.01 2.12 2.24 0.04 2.45 0.03 0.01 2.48 0.03 0.02 0.02 0.02 0.01 0.02 0.03 0.02 0.01 0.03 0.04 0.01 0.02 0.01 0.01 0.03 0.04 0.02 0.01 0.02 0.02 0.04 0.96 0.02 0.03 0.03 0.04 0.04 0.03 0.03 0.02 0.01 0.00 0.01 0.01 0.01 0.00 0.01 0.00 0.00 0.00 0.01 0.01 0.01 0.04 0.06 0.03 0.02 0.00 0.01 0.01 0.02 0.03 0.01 0.02 0.02 2.19 0.01 0.01 0.02 0.00 0.01 0.01 0.01 0.02
0.01 0.01 0.01 0.02 0.04 0.04 0.03 0.02 0.01 0.01 1.83 1.94 0.02 2.19 0.02 0.01 1.79 1.98 2.14 0.00 0.01 0.01 0.02 0.02 0.04 0.05 0.04 0.03 0.02 2.63 0.07 0.05 0.06 0.06 0.06 0.06 0.03 0.01 0.02 0.01 2.89 0.02 0.02 0.03 0.05 0.06 0.04 0.03 2.15 0.03 0.03 0.01 0.01 0.00 0.00 0.00 0.00 0.00 0.00 0.01 0.01 0.02 0.04 0.05 0.06 0.04 0.05 0.02 0.00 0.01 0.02 0.02 0.02 0.02 0.03 0.03 0.01 0.01 0.02 0.02 0.00 0.00 0.00 0.01
0.02 0.01 0.02 0.02 0.03 0.02 0.01 0.01 0.01 0.02 3.15 0.01 0.02 0.01 0.02 0.02 0.05 2.96 0.04 0.01 0.01 0.01 0.03 0.03 0.04 0.04 0.03 0.06 0.11 3.46 0.11 3.35 0.04 0.03 0.05 0.09 0.05 0.01 0.01 0.01 0.04 0.02 0.03 0.02 0.03 0.04 2.52 2.64 0.01 0.01 0.03 0.02 0.01 0.00 0.00 0.00 0.00 0.00 0.00 0.00 0.01 0.02 0.01 2.21 2.25 2.23 0.04 0.03 0.00 0.02 0.02 0.02 0.02 0.01 0.01 0.02 0.01 0.03 0.01 0.03 0.02 0.01 0.01 0.01
0.01 0.01 0.01 0.02 0.01 0.01 0.01 0.02 0.03 2.33 0.01 0.02 0.01 0.02 1.83 0.02 0.03 0.02 2.69 2.64 0.04 2.11 2.39 0.08 0.08 0.09 0.09 0.08 0.06 0.02 0.08 2.38 2.25 0.11 3.29 0.06 0.09 0.03 0.02 0.00 0.05 0.03 0.03 0.06 0.09 0.08 0.05 0.03 2.17 2.08 0.03 0.00 0.00 0.01 0.00 0.00 0.00 0.00 0.01 0.01 0.00 0.02 0.04 2.01 0.05 0.07 3.42 0.04 0.01 0.02 0.01 0.00 0.01 0.02 0.01 2.11 0.02 0.03 0.02 0.01 0.03 0.05 0.06 0.04
0.01 0.00 0.01 0.01 0.01 0.01 0.01 0.03 0.02 3.03 0.03 0.03 1.89 1.87 0.02 0.00 0.03 0.03 0.01 0.04 2.63 2.70 2.69 2.84 0.14 0.15 0.15 2.38 2.23 2.56 0.09 0.02 0.05 0.07 2.70 0.08 3.27 0.01 0.03 0.00 2.77 0.03 0.01 2.60 0.01 0.02 0.01 0.01 0.03 0.02 0.02 0.02 0.02 0.01 0.00 0.00 0.00 0.01 0.00 0.00 0.01 0.03 1.88 0.02 0.03 0.02 2.17 0.02 0.02 0.02 0.03 0.03 0.03 0.00 0.02 2.03 0.01 0.02 0.01 0.02 0.03 0.05 2.10 1.93
0.00 0.01 0.01 0.01 0.01 0.01 0.01 0.02 0.03 0.01 0.02 0.06 2.52 2.95 0.05 1.70 0.02 0.04 0.03 0.05 2.87 0.08 0.09 0.09 0.03 2.42 2.41 2.80 0.15 2.73 0.08 0.05 2.14 0.12 0.08 0.02 0.04 0.03 0.02 0.02 0.02 0.04 0.03 0.04 0.03 0.03 0.01 0.01 0.03 0.02 0.01 0.01 0.02 0.01 0.01 0.00 0.00 0.00 0.01 0.01 0.01 0.02 0.01 0.02 0.04 0.03 0.04 0.02 0.01 0.04 0.06 0.04 0.04 0.02 0.01 0.02 0.01 0.01 0.00 0.01 0.04 0.06 1.78 2.13
0.01 0.01 0.01 0.01 0.01 0.01 0.01 0.01 0.02 0.02 0.03 0.07 3.30 2.82 0.09 0.10 2.64 2.58 0.13 0.13 0.13 0.12 0.08 0.09 2.51 2.53 2.82 5.00 0.10 0.07 0.06 3.11 0.04 0.06 0.07 0.10 0.10 0.06 0.01 0.02 0.01 0.03 0.06 0.02 0.01 0.01 0.01 0.01 0.02 0.02 0.00 0.01 0.01 0.00 0.01 0.01 0.01 0.01 0.00 0.01 0.01 0.01 0.01 0.02 0.04 0.04 0.01 2.42 1.99 0.08 0.03 3.33 3.31 0.05 0.02 0.03 0.03 0.01 0.00 0.00 0.01 0.05 0.06 2.02
0.01 0.01 0.01 0.01 0.01 0.01 0.01 0.02 0.02 0.02 0.04 0.06 0.04 0.03 0.11 3.17 2.97 0.17 0.15 0.14 0.13 0.12 0.09 3.09 1.90 2.63 3.07 0.08 2.42 0.05 0.05 0.08 2.85 0.05 0.05 0.08 0.09 3.06 0.02 0.02 0.02 0.02 2.61 0.02 0.01 0.01 0.01 0.01 0.02 0.02 0.01 0.01 0.01 0.00 0.00 0.00 0.00 0.01 0.01 0.00 0.01 0.02 0.02 0.02 0.03 0.04 0.01 0.04 0.03 0.10 2.18 3.09 1.30 1.75 2.33 0.02 0.05 0.04 0.01 0.00 0.00 0.00 0.02 0.01
0.01 0.01 0.01 0.01 0.01 0.01 0.01 0.02 0.03 0.03 0.04 0.06 0.06 0.08 0.08 1.95 2.41 0.01 2.57 2.73 2.81 2.63 2.97 0.20 2.53 0.08 0.10 0.10 2.69 0.01 0.04 0.06 0.08 0.09 0.06 2.49 2.82 0.10 0.05 0.01 0.02 0.01 0.04 1.76 0.00 0.02 0.01 0.01 0.03 0.03 0.02 0.01 0.01 0.00 0.00 0.00 0.01 0.01 0.01 0.01 0.01 0.02 0.02 0.03 0.02 0.04 0.04 3.06 2.06 0.07 0.04 3.32 0.02 1.67 0.04 1.87 1.81 0.03 0.02 0.00 0.00 0.01 0.01 0.03
0.01 0.01 0.01 0.01 0.02 0.01 0.02 0.03 0.04 0.05 0.08 0.11 0.11 0.06 2.27 2.49 2.19 2.37 2.43 2.49 2.16 2.14 2.94 2.57 2.24 0.11 1.73 2.64 0.05 0.04 0.03 0.06 0.08 0.03 2.97 0.04 0.01 0.04 2.94 0.04 0.02 0.02 0.04 0.05 0.01 0.01 0.02 0.03 2.05 0.03 0.01 0.01 0.01 0.00 0.01 0.00 0.01 0.01 0.03 0.02 0.01 0.01 0.01 0.02 0.02 0.02 0.03 0.05 0.01 0.05 0.02 0.03 2.09 2.02 0.02 0.05 1.75 2.24 0.02 0.03 0.01 0.01 0.01 0.03
0.01 0.01 0.02 0.01 0.01 0.01 0.02 0.05 0.07 0.07 0.07 2.03 2.38 2.42 2.46 2.17 2.23 2.44 2.54 2.47 2.04 2.10 2.22 2.50 2.49 0.11 0.05 2.58 0.03 0.03 0.03 0.03 0.06 0.07 0.06 0.04 2.16 0.01 0.05 0.08 0.04 0.03 0.04 2.57 0.05 0.02 0.02 0.04 2.29 0.05 0.01 0.00 0.01 0.01 0.01 0.01 0.00 0.01 0.02 0.01 0.01 0.02 0.02 0.01 0.01 0.01 0.01 0.01 0.00 0.04 0.05 0.03 1.78 1.83 0.03 0.02 0.03 0.04 0.05 0.05 0.05 0.02 0.02 0.02
0.01 0.02 0.03 0.04 0.06 0.05 0.02 0.06 0.05 2.21 2.24 2.22 2.35 2.44 2.38 2.49 2.59 2.49 2.50 2.85 2.21 2.18 2.24 2.32 2.87 0.07 0.07 0.03 2.41 0.02 0.02 0.01 0.06 3.70 0.06 2.82 0.04 1.07 0.03 0.05 0.04 0.01 0.01 0.04 2.36 2.52 2.62 0.03 2.09 2.01 0.02 0.00 0.01 0.00 0.01 0.01 0.00 0.01 0.01 0.01 0.01 0.01 0.01 0.01 0.01 0.02 0.01 0.01 0.02 0.02 0.02 0.02 1.81 0.01 0.03 0.01 0.03 1.71 1.88 1.68 1.83 0.04 0.02 0.01
0.02 0.02 0.03 0.05 0.03 0.03 0.03 0.08 2.84 2.26 2.07 1.98 2.36 2.56 2.58 2.33 2.34 2.43 2.46 2.51 2.04 1.99 0.10 2.27 2.76 0.05 0.03 2.28 0.04 2.59 0.06 0.06 3.37 3.42 0.02 0.06 0.08 0.02 2.69 2.35 2.56 0.06 1.72 0.04 0.03 0.02 0.01 0.02 2.19 0.06 0.02 0.01 0.02 0.02 0.01 0.01 0.01 0.01 0.00 0.00 0.00 0.01 0.01 0.01 0.02 0.02 0.02 0.03 0.01 0.01 0.02 0.00 1.66 0.00 0.02 0.01 0.02 1.66 1.44 1.63 1.64 1.96 0.03 0.01
0.02 0.02 0.03 0.05 3.82 3.26 0.11 2.45 3.03 2.18 1.69 2.11 2.38 2.53 2.28 2.57 2.39 2.76 2.46 2.40 2.33 1.95 2.54 2.60 2.73 2.37 0.04 2.04 2.42 0.04 0.09 0.11 0.10 3.54 0.07 0.05 2.94 2.07 0.05 2.45 0.05 0.03 0.04 0.03 0.03 0.01 0.02 0.03 2.26 2.20 2.13 0.00 0.00 0.01 0.02 0.02 0.02 0.01 0.01 0.01 0.01 0.00 0.03 0.06 0.05 0.02 0.02 1.90 0.01 0.01 0.01 0.01 0.02 0.00 0.02 0.01 0.01 1.61 1.31 0.04 1.68 1.61 0.02 0.03
0.02 0.03 0.03 0.03 0.08 1.96 1.79 0.02 0.05 0.11 2.48 2.19 3.07 2.40 2.30 3.03 2.47 2.78 3.02 2.57 2.17 1.57 3.09 2.75 2.79 2.53 0.07 0.06 0.04 0.04 0.13 0.13 0.24 0.09 3.13 0.14 3.45 0.06 2.35 2.32 0.01 0.03 0.04 0.03 0.05 0.05 0.04 0.01 2.27 0.04 0.02 0.01 0.01 0.01 0.02 0.02 0.02 0.02 0.01 0.02 0.03 0.04 0.06 0.06 0.05 0.06 0.03 0.01 0.00 0.01 0.01 0.01 0.01 0.01 0.01 0.01 0.01 0.01 0.01 0.01 0.02 0.05 1.72 0.02
0.04 0.04 0.03 0.05 0.09 0.10 0.09 0.07 0.07 0.08 2.33 2.91 3.32 2.79 2.77 3.28 2.82 2.54 2.54 2.40 2.13 2.37 3.31 2.14 2.75 2.73 0.07 0.08 2.18 0.06 2.01 3.89 2.74 0.14 0.07 0.07 2.32 0.05 2.37 0.02 0.02 0.02 0.04 0.02 0.03 0.05 0.03 2.26 0.06 0.03 0.02 0.01 0.01 0.01 0.02 0.01 0.02 0.02 0.02 0.04 1.57 0.06 0.01 0.08 0.10 0.05 0.02 0.01 0.01 0.01 0.01 0.02 0.01 0.01 0.01 0.00 0.01 0.01 0.01 0.00 0.00 0.02 0.04 1.52
