WindNinja_Processing/data/rawHide/vel.asc
ncols	142
nrows	142
xllcorner	519575.822020
yllcorner	3575289.092598
cellsize	13.070000
NODATA_value	-32768.000000
[rows 0 to 35 of 142, columns 0 to 79 of 142]
9.86 9.87 9.89 9.90 9.92 9.94 9.96 9.98 10.00 10.01 10.01 10.00 9.97 9.91 9.82 9.70 9.54 9.28 8.70 8.43 8.27 8.16 8.09 8.03 7.98 7.94 7.90 7.85 7.80 7.74 7.67 7.59 7.49 7.38 7.23 7.00 6.81 6.64 6.49 6.36 6.22 6.09 5.96 5.83 5.71 5.60 5.51 5.44 5.38 5.37 5.42 5.52 5.72 6.38 6.53 6.55 6.53 6.48 6.40 6.29 6.17 6.04 5.92 5.80 5.70 5.62 5.56 5.54 5.57 5.69 5.95 6.49 6.70 6.78 6.84 6.88 6.90 6.90 6.89 6.88
9.86 9.87 9.89 9.90 9.92 9.94 9.96 9.98 10.00 10.01 10.01 10.00 9.97 9.91 9.82 9.70 9.54 9.28 8.70 8.43 8.27 8.16 8.09 8.03 7.98 7.94 7.90 7.85 7.80 7.74 7.67 7.59 7.49 7.38 7.23 7.00 6.81 6.64 6.49 6.36 6.22 6.09 5.96 5.83 5.71 5.60 5.51 5.44 5.38 5.37 5.42 5.52 5.72 6.38 6.53 6.55 6.53 6.48 6.40 6.29 6.17 6.04 5.92 5.80 5.70 5.62 5.56 5.54 5.57 5.69 5.95 6.49 6.70 6.78 6.84 6.88 6.90 6.90 6.89 6.88
9.87 9.87 9.89 9.90 9.92 9.94 9.96 9.99 10.01 10.03 10.04 10.04 10.01 9.96 9.87 9.75 9.58 9.31 8.64 8.36 8.23 8.13 8.05 8.00 7.96 7.92 7.88 7.84 7.80 7.74 7.67 7.59 7.48 7.36 7.21 6.97 6.78 6.62 6.47 6.33 6.20 6.06 5.92 5.79 5.66 5.55 5.44 5.35 5.29 5.27 5.30 5.38 5.59 6.40 6.57 6.58 6.55 6.50 6.41 6.29 6.15 6.02 5.88 5.75 5.63 5.54 5.48 5.45 5.48 5.56 5.81 6.45 6.68 6.77 6.83 6.87 6.88 6.88 6.86 6.84
9.86 9.87 9.88 9.90 9.92 9.93 9.96 9.99 10.02 10.06 10.09 10.10 10.10 10.06 9.98 9.85 9.67 9.37 8.63 8.32 8.17 8.07 7.99 7.94 7.91 7.89 7.86 7.83 7.79 7.74 7.67 7.59 7.48 7.36 7.19 6.94 6.76 6.59 6.43 6.28 6.14 6.00 5.86 5.72 5.58 5.45 5.33 5.23 5.15 5.12 5.13 5.19 5.44 6.41 6.61 6.63 6.61 6.53 6.42 6.28 6.12 5.96 5.80 5.65 5.52 5.42 5.34 5.31 5.33 5.42 5.70 6.40 6.67 6.77 6.84 6.87 6.87 6.85 6.82 6.78
9.86 9.87 9.88 9.89 9.91 9.93 9.96 9.99 10.04 10.10 10.15 10.20 10.22 10.22 10.16 10.04 9.84 9.49 8.64 8.29 8.11 7.99 7.92 7.89 7.87 7.85 7.83 7.81 7.78 7.74 7.68 7.60 7.50 7.37 7.20 6.93 6.72 6.54 6.37 6.23 6.09 5.94 5.80 5.64 5.49 5.34 5.20 5.07 4.96 4.88 4.87 4.94 5.24 6.43 6.70 6.74 6.71 6.61 6.46 6.28 6.09 5.88 5.69 5.52 5.37 5.24 5.14 5.09 5.11 5.22 5.54 6.37 6.68 6.80 6.87 6.88 6.86 6.81 6.75 6.69
9.86 9.87 9.88 9.89 9.90 9.92 9.95 9.99 10.05 10.13 10.22 10.31 10.38 10.42 10.41 10.32 10.11 9.71 8.72 8.26 8.00 7.89 7.87 7.87 7.88 7.87 7.85 7.82 7.80 7.76 7.70 7.63 7.53 7.40 7.22 6.92 6.69 6.50 6.34 6.21 6.08 5.94 5.78 5.61 5.44 5.25 5.06 4.90 4.74 4.56 4.47 4.55 4.98 6.52 6.91 6.98 6.91 6.75 6.55 6.32 6.07 5.82 5.59 5.39 5.21 5.05 4.91 4.81 4.79 4.92 5.34 6.38 6.77 6.92 6.95 6.92 6.86 6.78 6.69 6.60
9.86 9.87 9.88 9.88 9.89 9.90 9.92 9.96 10.03 10.15 10.30 10.44 10.58 10.68 10.74 10.74 10.58 10.15 8.83 8.06 7.76 7.79 7.87 7.94 8.00 8.00 7.95 7.88 7.83 7.78 7.73 7.67 7.60 7.49 7.29 6.95 6.71 6.56 6.45 6.34 6.22 6.08 5.92 5.74 5.57 5.38 5.14 4.84 4.48 4.12 3.79 3.70 4.36 6.86 7.42 7.43 7.25 7.00 6.71 6.40 6.10 5.82 5.57 5.35 5.12 4.88 4.66 4.46 4.29 4.34 4.98 6.57 7.09 7.18 7.12 7.03 6.92 6.79 6.66 6.56
9.86 9.86 9.87 9.87 9.88 9.88 9.88 9.90 9.94 9.99 10.04 10.08 10.09 10.10 10.09 10.09 10.04 10.07 9.47 8.59 8.41 8.48 8.52 8.53 8.47 8.34 8.15 7.96 7.82 7.73 7.67 7.60 7.53 7.45 7.33 7.10 6.98 6.92 6.83 6.72 6.58 6.42 6.24 6.06 5.92 5.87 4.49 5.51 5.13 4.74 4.30 3.96 4.54 6.44 6.66 6.54 6.38 6.23 6.09 5.94 5.81 5.74 5.67 5.57 5.43 5.26 5.09 4.91 4.70 4.61 5.18 6.36 6.56 6.53 6.49 6.46 6.45 6.46 6.51 6.62
9.86 9.86 9.86 9.86 9.86 9.85 9.83 9.81 9.75 9.62 9.41 9.13 8.84 8.56 8.33 8.18 8.37 9.45 10.11 9.98 9.91 9.76 9.57 9.33 9.02 8.67 8.32 8.03 7.82 7.68 7.57 7.47 7.39 7.36 7.41 7.48 7.50 7.46 7.35 7.22 7.04 6.84 6.63 6.45 6.39 6.52 6.77 6.93 6.97 6.91 6.78 6.50 6.15 5.42 4.49 4.24 4.36 4.59 4.87 5.15 5.42 5.70 5.91 6.06 6.17 6.27 6.36 6.43 6.47 6.42 6.33 5.90 5.30 5.15 5.25 5.43 5.73 6.09 6.48 6.88
9.86 9.86 9.86 9.86 9.84 9.82 9.78 9.72 9.61 9.40 9.11 8.76 8.40 8.08 7.83 7.74 8.05 8.88 9.75 10.19 10.21 10.02 9.74 9.42 9.04 8.66 8.34 8.12 7.96 7.86 7.78 7.73 7.70 7.72 7.83 7.93 7.91 7.82 7.73 7.62 7.47 7.27 7.03 6.84 6.85 6.86 7.36 7.80 8.00 8.06 7.99 7.66 6.86 5.72 4.83 4.55 4.66 4.93 5.26 5.60 5.90 6.16 6.39 6.58 6.77 6.96 7.14 7.29 7.38 7.30 6.89 6.19 5.60 5.42 5.52 5.82 6.23 6.65 7.04 7.37
9.86 9.86 9.86 9.86 9.84 9.82 9.78 9.72 9.61 9.40 9.11 8.76 8.40 8.08 7.83 7.74 8.05 8.88 9.75 10.19 10.21 10.02 9.74 9.42 9.04 8.66 8.34 8.12 7.96 7.86 7.78 7.73 7.70 7.72 7.83 7.93 7.91 7.82 7.73 7.62 7.47 7.27 7.03 6.84 6.85 6.86 7.36 7.80 8.00 8.06 7.99 7.66 6.86 5.72 4.83 4.55 4.66 4.93 5.26 5.60 5.90 6.16 6.39 6.58 6.77 6.96 7.14 7.29 7.38 7.30 6.89 6.19 5.60 5.42 5.52 5.82 6.23 6.65 7.04 7.37
9.86 9.87 9.87 9.87 9.85 9.81 9.75 9.66 9.54 9.36 9.13 8.86 8.61 8.41 8.28 8.30 8.52 8.88 9.26 9.53 9.59 9.49 9.30 9.05 8.78 8.52 8.32 8.21 8.18 8.18 8.19 8.21 8.23 8.26 8.30 8.32 8.29 8.20 8.08 7.95 7.82 7.69 7.50 7.36 7.42 7.46 7.82 8.02 8.08 8.07 7.93 7.61 7.14 6.66 6.25 6.01 6.01 6.13 6.31 6.49 6.65 6.79 6.92 7.03 7.15 7.26 7.36 7.44 7.48 7.40 7.20 6.96 6.73 6.60 6.68 6.92 7.19 7.43 7.64 7.82
9.87 9.88 9.89 9.89 9.86 9.81 9.74 9.63 9.51 9.33 9.13 8.93 8.75 8.62 8.55 8.58 8.70 8.89 9.08 9.21 9.25 9.20 9.07 8.90 8.69 8.48 8.31 8.28 8.37 8.46 8.51 8.54 8.56 8.56 8.56 8.58 8.60 7.89 8.41 8.24 8.12 8.06 8.02 7.33 7.78 8.02 8.17 8.20 8.20 8.15 8.01 7.79 7.52 7.23 6.99 6.86 6.83 6.87 6.96 7.07 7.18 7.29 7.37 7.44 7.49 7.55 7.62 7.67 7.68 7.65 7.58 7.48 7.40 7.38 7.47 7.62 7.76 7.89 8.03 8.17
9.88 9.90 9.92 9.92 9.90 9.84 9.76 9.64 9.50 9.32 9.14 8.96 8.82 8.72 8.68 8.69 8.76 8.86 8.96 9.03 9.05 9.01 8.93 8.81 8.65 8.47 8.29 8.30 8.47 8.60 8.66 8.69 8.69 8.69 8.68 8.67 8.63 8.59 8.53 8.44 8.36 8.35 8.40 7.98 8.30 8.46 8.44 8.43 8.40 8.34 8.22 8.06 7.87 7.69 7.56 7.47 7.44 7.46 7.51 7.59 7.66 7.72 7.75 7.78 7.81 7.85 7.89 7.92 7.94 7.94 7.92 7.89 7.88 7.90 7.99 8.09 8.18 8.28 8.39 8.50
9.90 9.93 9.98 10.00 9.97 9.90 9.80 9.67 9.52 9.32 9.14 8.97 8.85 8.76 8.72 8.71 8.75 8.80 8.86 8.90 8.90 8.88 8.82 8.74 8.62 8.47 8.30 8.15 8.50 8.66 8.71 8.74 8.76 8.77 8.77 8.74 8.69 8.65 8.64 8.62 8.54 8.48 8.55 8.39 8.64 8.72 8.71 8.68 8.64 8.57 8.47 8.35 8.22 8.12 8.04 7.99 7.96 7.97 8.01 8.06 8.10 8.09 8.10 8.11 8.13 8.15 8.18 8.21 8.23 8.24 8.25 8.26 8.29 8.34 8.41 8.49 8.57 8.64 8.73 8.81
9.94 10.00 10.10 10.12 10.08 10.00 9.89 9.73 9.55 9.33 9.13 8.96 8.84 8.77 8.72 8.70 8.71 8.73 8.76 8.79 8.79 8.78 8.74 8.68 8.59 8.47 8.31 8.18 8.26 8.66 8.74 8.79 8.83 8.85 8.87 8.87 8.86 8.85 8.84 8.81 8.77 8.79 8.87 8.92 8.95 8.97 8.97 8.94 8.89 8.83 8.75 8.66 8.60 8.54 8.49 8.45 8.44 8.44 8.46 8.48 8.46 8.45 8.45 8.45 8.45 8.47 8.50 8.52 8.54 8.57 8.60 8.65 8.69 8.74 8.81 8.88 8.94 8.99 9.05 9.12
10.08 10.19 10.31 10.29 10.23 10.14 10.02 9.86 9.62 9.31 9.06 8.90 8.80 8.73 8.69 8.66 8.65 8.66 8.67 8.68 8.69 8.68 8.66 8.62 8.56 8.47 8.32 8.18 8.23 8.62 8.79 8.85 8.90 8.94 8.98 9.02 9.05 9.04 9.04 9.12 9.28 9.47 9.51 9.39 9.27 9.24 9.23 9.20 9.17 9.12 9.06 9.02 8.99 8.95 8.92 8.90 8.89 8.89 8.88 8.85 8.83 8.81 8.80 8.80 8.80 8.81 8.83 8.87 8.90 8.94 8.98 9.02 9.07 9.14 9.20 9.25 9.29 9.33 9.37 9.42
10.01 10.01 9.98 9.89 9.79 9.69 9.57 9.45 9.29 9.06 8.89 8.78 8.71 8.65 8.61 8.59 8.58 8.57 8.58 8.58 8.59 8.59 8.58 8.56 8.52 8.47 8.32 8.18 8.22 8.39 8.80 8.91 8.98 9.05 9.12 9.19 9.28 9.37 9.52 9.76 9.99 10.06 9.96 9.77 9.60 9.53 9.51 9.49 9.46 9.43 9.41 9.40 9.38 9.37 9.35 9.34 9.34 9.32 9.26 9.22 9.20 9.17 9.17 9.16 9.17 9.19 9.23 9.26 9.29 9.32 9.35 9.39 9.43 9.48 9.54 9.60 9.63 9.66 9.69 9.71
9.54 9.32 9.01 8.84 8.70 8.57 8.47 8.41 8.46 8.61 8.65 8.64 8.60 8.56 8.52 8.49 8.48 8.47 8.47 8.47 8.48 8.49 8.50 8.50 8.48 8.44 8.30 8.19 8.23 8.36 8.74 8.94 9.07 9.17 9.27 9.38 9.53 9.73 9.99 10.21 10.27 10.19 10.06 9.93 9.84 9.81 9.81 9.80 9.79 9.77 9.79 9.79 9.79 9.79 9.79 9.78 9.77 9.70 9.64 9.61 9.58 9.56 9.58 9.59 9.59 9.61 9.63 9.66 9.69 9.70 9.72 9.75 9.79 9.85 9.90 9.95 9.98 9.99 10.00 10.01
9.45 9.18 8.78 8.55 8.38 8.24 8.14 8.10 8.19 8.37 8.47 8.50 8.48 8.45 8.41 8.38 8.36 8.35 8.35 8.36 8.37 8.39 8.42 8.43 8.43 8.40 8.28 8.19 8.23 8.36 8.55 8.94 9.13 9.27 9.40 9.54 9.70 9.87 9.99 10.03 10.04 10.05 10.06 10.06 10.09 10.12 10.14 10.14 10.14 10.17 10.19 10.21 10.22 10.23 10.23 10.23 10.16 10.09 10.04 10.01 9.98 10.01 10.02 10.02 10.02 10.04 10.05 10.06 10.09 10.12 10.16 10.20 10.25 10.30 10.32 10.33 10.33 10.32 10.30 10.27
9.61 9.42 9.08 8.83 8.64 8.49 8.38 8.32 8.30 8.34 8.36 8.37 8.35 8.31 8.27 8.24 8.22 8.21 8.22 8.23 8.25 8.27 8.31 8.34 8.36 8.35 8.25 8.19 8.25 8.41 8.58 8.84 9.15 9.32 9.47 9.64 9.79 9.90 9.95 9.99 10.05 10.11 10.18 10.28 10.39 10.45 10.49 10.51 10.54 10.58 10.62 10.66 10.68 10.69 10.69 10.64 10.57 10.51 10.46 10.43 10.45 10.47 10.47 10.47 10.47 10.49 10.51 10.54 10.58 10.63 10.68 10.71 10.73 10.73 10.72 10.69 10.65 10.61 10.56 10.52
9.67 9.52 9.24 9.01 8.81 8.65 8.52 8.42 8.34 8.31 8.26 8.24 8.20 8.16 8.12 8.09 8.06 8.05 8.06 8.07 8.10 8.13 8.18 8.22 8.26 8.28 8.20 8.17 8.26 8.43 8.61 8.85 9.13 9.37 9.53 9.69 9.84 9.99 10.12 10.23 10.32 10.39 10.47 10.61 10.75 10.83 10.88 10.91 10.97 11.03 11.09 11.13 11.16 11.18 11.14 11.07 11.01 10.96 10.92 10.93 10.96 10.99 11.01 11.03 11.04 11.05 11.08 11.12 11.15 11.17 11.17 11.17 11.14 11.10 11.05 10.99 10.94 10.89 10.84 10.79
9.71 9.58 9.33 9.11 8.91 8.73 8.58 8.44 8.32 8.24 8.15 8.10 8.04 7.98 7.94 7.90 7.88 7.87 7.88 7.90 7.93 7.97 8.03 8.09 8.14 8.19 8.14 8.13 8.25 8.44 8.64 8.88 9.18 9.44 9.64 9.79 9.95 10.11 10.26 10.42 10.58 10.74 10.91 11.07 11.18 11.25 11.31 11.37 11.44 11.52 11.59 11.64 11.67 11.66 11.60 11.55 11.49 11.45 11.45 11.48 11.52 11.59 11.64 11.66 11.66 11.66 11.67 11.67 11.65 11.62 11.58 11.54 11.49 11.44 11.38 11.32 11.25 11.19 11.12 11.06
9.74 9.62 9.39 9.16 8.95 8.76 8.58 8.42 8.27 8.14 8.02 7.93 7.86 7.79 7.73 7.69 7.67 7.66 7.67 7.69 7.73 7.78 7.85 7.93 8.01 8.08 8.07 8.10 8.25 8.45 8.66 8.92 9.19 9.46 9.69 9.92 10.13 10.33 10.53 10.77 11.01 11.26 11.47 11.61 11.67 11.72 11.78 11.88 11.97 12.06 12.13 12.18 12.20 12.15 12.10 12.06 12.03 12.02 12.05 12.09 12.16 12.22 12.22 12.22 12.21 12.18 12.16 12.12 12.08 12.03 11.98 11.92 11.86 11.80 11.73 11.65 11.58 11.50 11.42 11.35
9.78 9.66 9.42 9.19 8.97 8.77 8.58 8.39 8.20 8.03 7.88 7.76 7.66 7.57 7.51 7.47 7.44 7.43 7.44 7.47 7.51 7.58 7.66 7.75 7.86 7.98 8.02 8.09 8.26 8.45 8.69 8.96 9.18 9.41 9.67 9.95 10.26 10.60 10.94 11.27 11.57 11.83 12.00 12.10 12.16 12.20 12.29 12.41 12.52 12.61 12.69 12.74 12.72 12.66 12.62 12.61 12.63 12.67 12.70 12.77 12.83 12.77 12.73 12.73 12.71 12.67 12.63 12.58 12.53 12.47 12.40 12.33 12.25 12.17 12.09 12.00 11.91 11.81 11.72 11.65
9.82 9.69 9.44 9.21 8.98 8.78 8.57 8.36 8.13 7.91 7.72 7.57 7.45 7.36 7.29 7.24 7.21 7.21 7.22 7.26 7.31 7.39 7.49 7.59 7.73 7.92 8.10 8.24 8.38 8.54 8.77 9.01 9.18 9.35 9.58 9.90 10.31 10.75 11.17 11.56 11.89 12.16 12.36 12.50 12.59 12.64 12.76 12.89 13.01 13.12 13.20 13.25 13.21 13.16 13.14 13.18 13.27 13.31 13.37 13.44 13.41 13.28 13.23 13.22 13.19 13.15 13.10 13.04 12.97 12.90 12.81 12.73 12.63 12.54 12.44 12.34 12.23 12.12 12.02 11.95
9.86 9.73 9.46 9.21 8.98 8.77 8.56 8.35 8.11 7.85 7.63 7.46 7.33 7.23 7.16 7.12 7.11 7.12 7.14 7.18 7.25 7.33 7.45 7.57 7.73 7.97 8.27 8.29 8.42 8.57 8.79 8.99 9.12 9.25 9.48 9.85 10.30 10.76 11.19 11.57 11.87 12.13 12.36 12.55 12.69 12.82 12.98 13.13 13.27 13.39 13.50 13.53 13.52 13.51 13.54 13.64 13.72 13.79 13.86 13.88 13.77 13.63 13.58 13.57 13.55 13.50 13.44 13.37 13.29 13.21 13.11 13.01 12.90 12.79 12.68 12.57 12.46 12.35 12.26 12.19
9.90 9.76 9.47 9.20 8.96 8.74 8.55 8.37 8.18 7.96 7.75 7.58 7.44 7.35 7.31 7.29 7.29 7.31 7.35 7.41 7.48 7.58 7.69 7.83 7.98 8.20 8.45 8.60 8.65 8.69 8.79 8.91 9.06 9.25 9.51 9.83 10.21 10.62 11.03 11.35 11.56 11.72 11.90 12.10 12.31 12.53 12.72 12.90 13.07 13.23 13.36 13.39 13.44 13.48 13.51 13.59 13.68 13.79 13.88 13.85 13.73 13.59 13.55 13.56 13.55 13.51 13.45 13.38 13.30 13.22 13.12 13.02 12.91 12.79 12.68 12.57 12.46 12.36 12.27 12.20
9.96 9.79 9.47 9.17 8.90 8.68 8.50 8.38 8.29 8.19 8.03 7.88 7.77 7.70 7.67 7.68 7.70 7.73 7.78 7.85 7.93 8.02 8.14 8.26 8.41 8.55 8.68 8.78 8.85 8.90 8.98 9.08 9.24 9.46 9.68 9.86 10.07 10.38 10.70 10.93 11.06 11.17 11.30 11.47 11.69 11.93 12.15 12.34 12.53 12.69 12.84 12.91 12.98 13.04 13.05 13.10 13.20 13.34 13.44 13.42 13.30 13.18 13.16 13.18 13.17 13.14 13.09 13.03 12.96 12.89 12.80 12.71 12.61 12.50 12.40 12.30 12.20 12.11 12.03 11.97
10.03 9.83 9.45 9.09 8.79 8.56 8.41 8.33 8.32 8.32 8.24 8.15 8.07 8.04 8.04 8.06 8.10 8.15 8.20 8.27 8.34 8.43 8.53 8.65 8.77 8.88 8.98 9.07 9.16 9.23 9.31 9.40 9.54 9.70 9.86 9.95 10.03 10.21 10.42 10.55 10.64 10.75 10.86 11.01 11.21 11.40 11.61 11.81 11.99 12.16 12.31 12.40 12.45 12.49 12.50 12.55 12.68 12.83 12.93 12.90 12.79 12.68 12.66 12.68 12.68 12.66 12.63 12.58 12.52 12.46 12.39 12.32 12.25 12.16 12.08 12.00 11.92 11.85 11.78 11.72
10.13 9.88 9.41 8.98 8.63 8.37 8.23 8.19 8.23 8.33 8.32 8.30 8.29 8.29 8.32 8.37 8.42 8.47 8.53 8.59 8.67 8.75 8.84 8.94 9.04 9.13 9.24 9.33 9.43 9.51 9.58 9.66 9.76 9.88 9.99 10.06 10.10 10.18 10.27 10.31 10.36 10.44 10.53 10.67 10.84 11.00 11.20 11.40 11.58 11.75 11.90 11.99 12.02 12.05 12.05 12.11 12.27 12.43 12.50 12.48 12.37 12.27 12.25 12.27 12.27 12.25 12.23 12.20 12.16 12.11 12.06 12.00 11.95 11.89 11.83 11.76 11.71 11.65 11.60 11.55
10.28 9.95 9.33 8.78 8.36 8.07 7.92 7.92 8.05 8.28 8.36 8.44 8.50 8.56 8.60 8.66 8.72 8.77 8.83 8.90 8.97 9.05 9.13 9.21 9.30 9.39 9.49 9.58 9.67 9.76 9.83 9.89 9.97 10.04 10.11 10.17 10.21 10.21 10.18 10.13 10.13 10.18 10.26 10.37 10.53 10.68 10.86 11.05 11.23 11.40 11.55 11.65 11.67 11.69 11.69 11.75 11.92 12.06 12.12 12.12 12.02 11.93 11.91 11.92 11.93 11.92 11.91 11.89 11.86 11.82 11.79 11.74 11.70 11.66 11.62 11.58 11.54 11.50 11.46 11.42
10.49 10.05 9.21 8.49 7.95 7.62 7.48 7.52 7.76 8.18 8.40 8.59 8.73 8.83 8.91 8.96 9.02 9.08 9.14 9.20 9.26 9.33 9.41 9.48 9.56 9.65 9.74 9.83 9.92 10.00 10.06 10.12 10.16 10.20 10.24 10.27 10.28 10.23 10.15 10.01 9.94 9.96 10.02 10.12 10.26 10.40 10.56 10.75 10.93 11.09 11.23 11.35 11.37 11.38 11.39 11.45 11.60 11.71 11.79 11.82 11.72 11.64 11.62 11.64 11.65 11.65 11.64 11.63 11.61 11.59 11.56 11.53 11.50 11.47 11.44 11.42 11.40 11.37 11.35 11.32
10.90 10.23 8.97 7.98 7.34 6.96 6.81 6.93 7.34 8.03 8.47 8.80 9.00 9.13 9.22 9.29 9.34 9.39 9.44 9.50 9.56 9.62 9.68 9.75 9.82 9.90 9.99 10.07 10.16 10.23 10.28 10.33 10.36 10.37 10.38 10.37 10.34 10.27 10.15 9.94 9.82 9.81 9.84 9.91 10.03 10.16 10.30 10.48 10.65 10.80 10.95 11.07 11.10 11.11 11.13 11.17 11.30 11.41 11.49 11.54 11.46 11.38 11.38 11.40 11.42 11.42 11.42 11.42 11.41 11.40 11.38 11.36 11.34 11.32 11.30 11.29 11.28 11.26 11.25 11.23
11.65 10.40 8.38 7.16 6.43 5.99 5.79 5.92 6.61 7.98 8.78 9.17 9.35 9.48 9.57 9.64 9.69 9.73 9.77 9.80 9.86 9.91 9.96 10.02 10.08 10.15 10.23 10.31 10.38 10.44 10.49 10.52 10.53 10.54 10.52 10.49 10.42 10.33 10.13 9.90 9.76 9.71 9.70 9.74 9.85 9.96 10.07 10.24 10.39 10.54 10.67 10.79 10.84 10.85 10.87 10.92 11.04 11.15 11.24 11.30 11.24 11.17 11.16 11.20 11.22 11.23 11.24 11.24 11.24 11.24 11.23 11.22 11.21 11.20 11.19 11.18 11.18 11.18 11.17 11.16
13.04 11.27 8.82 7.73 7.09 6.73 6.57 6.65 7.40 9.02 9.57 9.74 9.80 9.88 9.95 10.02 10.06 10.09 10.12 10.15 10.17 10.21 10.25 10.30 10.35 10.41 10.48 10.54 10.60 10.64 10.67 10.68 10.68 10.66 10.63 10.57 10.47 10.32 10.10 9.87 9.73 9.65 9.60 9.62 9.69 9.78 9.87 10.00 10.15 10.29 10.42 10.54 10.60 10.61 10.64 10.69 10.81 10.93 11.02 11.09 11.05 10.99 10.98 11.02 11.05 11.07 11.09 11.10 11.10 11.11 11.11 11.11 11.10 11.10 11.10 11.10 11.10 11.11 11.11 11.10
