WindNinja_Processing/data/slink/ang.asc
ncols	112
nrows	173
xllcorner	274595.496186
yllcorner	4267255.676178
cellsize	41.650000
NODATA_value	-32768.000000
[rows 84 to 125 of 173, columns 0 to 93 of 112]
127 127 128 134 143 148 151 152 151 148 145 143 142 142 141 139 139 138 138 138 141 145 148 151 153 152 148 146 145 145 145 144 143 142 142 142 142 142 143 143 143 144 146 150 153 156 159 161 161 161 161 162 163 164 165 167 170 172 173 170 167 164 162 159 157 156 154 151 148 146 146 146 146 145 144 144 145 146 147 146 146 145 145 145 145 145 145 145 146 146 146 146 145 143
133 131 129 132 139 145 149 151 150 147 145 144 144 143 142 141 140 140 139 140 142 145 147 150 152 151 147 145 144 144 143 142 141 140 140 140 140 140 141 141 141 142 145 149 152 155 159 161 161 161 161 162 162 163 165 167 169 171 172 169 165 163 161 158 157 156 154 151 148 146 146 147 146 146 145 145 146 147 147 147 146 146 145 145 145 145 145 145 145 145 145 145 143 142
143 140 134 132 136 142 146 148 148 147 145 145 145 144 143 142 141 141 140 140 143 145 147 149 150 149 146 144 143 143 142 141 139 138 138 138 138 138 138 139 139 141 144 147 151 155 158 160 161 161 161 162 162 163 164 166 168 171 171 168 164 162 160 158 157 155 154 151 149 147 147 147 147 146 146 146 147 148 148 147 147 146 146 146 145 145 145 144 144 144 143 143 141 140
150 147 138 133 135 141 144 146 147 146 146 146 145 145 145 144 143 142 142 142 144 145 147 149 150 149 146 144 143 143 142 141 139 138 137 137 137 137 138 139 139 140 143 147 150 154 158 160 161 161 161 161 162 163 164 166 168 170 170 166 163 161 159 157 156 155 153 151 148 146 147 147 147 147 146 146 147 148 148 148 147 147 147 146 146 146 145 144 143 143 142 141 140 139
162 153 137 133 138 143 145 147 147 147 147 147 147 147 146 146 145 144 144 144 145 147 148 149 150 149 147 146 145 145 144 142 140 139 139 139 139 139 140 140 141 142 145 148 151 155 158 161 161 161 161 161 162 163 164 165 167 169 169 165 162 159 157 156 155 154 152 150 147 146 146 147 147 146 146 146 147 148 148 148 148 148 148 148 147 147 146 145 144 143 141 140 139 138
185 163 138 139 143 146 147 148 148 148 148 148 148 148 148 147 147 146 146 146 147 148 149 150 151 150 148 147 147 146 146 144 142 141 140 140 140 140 141 142 143 144 146 149 153 156 159 161 161 161 161 161 162 162 163 165 167 168 168 164 161 158 157 155 154 153 152 150 147 145 145 146 146 146 146 146 147 148 148 148 148 148 148 148 148 148 147 145 144 142 140 139 138 137
177 164 151 148 149 149 150 149 149 149 149 150 150 150 150 149 148 147 147 147 148 149 150 151 152 151 149 148 148 148 147 145 142 141 140 140 140 141 142 143 144 145 148 151 154 157 161 162 162 161 161 161 161 162 163 164 166 168 167 164 160 158 156 155 154 153 151 149 146 145 145 146 146 146 145 146 147 148 148 148 148 149 149 149 149 148 147 145 143 142 139 138 137 136
163 160 155 155 154 152 152 152 151 151 152 152 152 152 152 150 149 148 147 147 148 149 150 151 152 152 151 150 149 148 147 145 142 140 139 138 139 141 143 145 146 148 151 154 157 159 162 164 163 162 161 161 161 162 163 164 166 167 167 164 160 158 156 155 154 153 151 149 146 144 145 146 146 145 145 146 147 148 148 148 149 149 149 149 149 148 146 144 142 141 138 136 135 134
153 153 153 155 155 155 154 154 153 154 154 154 154 154 154 152 150 149 147 147 147 148 150 152 153 153 152 151 150 149 148 145 142 139 138 137 138 140 143 146 149 151 155 158 160 162 164 165 163 162 161 161 161 161 162 164 165 167 167 164 160 158 157 156 155 153 151 149 146 144 145 146 146 146 145 146 147 148 148 149 149 149 149 149 149 148 146 144 142 140 137 135 134 134
153 151 149 151 154 155 155 154 154 155 155 156 156 156 155 154 152 150 148 147 147 148 150 152 154 154 153 152 152 151 149 146 143 140 138 137 138 140 143 146 150 153 157 160 162 164 166 166 164 162 161 161 161 161 162 163 165 167 167 164 161 159 158 157 156 154 152 150 147 145 146 147 147 146 146 146 147 148 149 150 150 150 150 150 149 148 146 144 142 140 137 135 134 134
156 151 147 149 152 154 154 154 154 155 156 156 157 158 157 155 153 151 149 147 148 149 151 153 155 156 155 154 153 152 150 147 144 142 139 137 138 141 144 147 151 155 159 161 163 165 166 166 164 162 161 161 161 161 162 163 165 166 167 164 162 160 159 158 157 156 154 151 148 146 147 148 148 148 147 148 148 149 150 151 151 151 151 151 150 148 147 144 142 140 137 135 134 134
157 153 149 150 152 153 153 153 153 154 156 157 158 158 158 156 154 152 149 148 149 150 152 154 156 157 156 155 154 153 152 149 146 143 140 138 139 142 146 149 153 158 161 163 164 166 167 166 164 162 161 161 160 161 162 163 164 166 166 164 162 160 160 159 158 157 155 152 149 148 148 149 149 149 148 148 149 150 151 152 152 152 152 151 150 149 147 145 143 140 137 135 135 135
153 152 150 151 153 153 153 153 153 154 156 157 158 159 158 156 154 152 149 148 149 152 153 155 158 159 157 156 155 154 153 151 148 145 142 139 140 144 148 151 155 160 163 163 164 165 166 166 163 162 161 161 160 161 162 163 164 166 166 164 162 161 160 160 159 158 156 154 151 149 150 150 151 150 149 149 150 151 152 153 153 153 152 152 150 149 147 145 143 141 138 135 135 136
150 149 150 152 153 154 154 153 153 154 156 157 158 158 157 155 153 152 150 149 151 153 155 157 159 160 158 157 156 156 155 153 151 148 145 143 144 148 151 154 158 163 164 164 164 165 165 165 163 162 161 160 160 161 161 163 164 166 166 164 162 161 161 161 160 159 157 155 152 151 151 152 152 151 151 151 151 152 153 154 154 154 153 152 151 149 147 146 144 141 138 136 136 137
149 149 149 152 153 154 154 153 153 155 156 157 157 157 156 154 152 151 150 150 152 155 156 158 160 160 158 157 156 156 155 154 152 150 147 145 146 151 154 157 161 165 165 164 164 164 164 164 162 161 161 160 160 160 161 162 164 165 165 163 161 160 160 161 160 159 157 155 153 152 152 153 153 152 152 152 152 153 154 154 155 154 153 152 150 149 147 146 144 142 138 136 137 138
148 149 150 152 153 154 154 153 153 154 156 156 157 156 154 153 151 150 149 149 152 155 157 159 160 160 158 156 156 155 154 153 151 150 147 145 147 152 156 159 163 166 166 164 163 163 164 163 162 161 160 160 160 160 161 162 163 165 164 162 160 160 160 160 160 158 157 155 153 152 153 154 154 153 152 152 153 154 155 155 155 154 153 152 150 148 147 145 144 141 138 136 137 138
145 147 151 153 153 153 153 153 153 154 156 156 156 155 153 152 151 149 148 149 152 155 157 159 160 160 158 156 155 155 154 152 151 149 146 145 147 153 157 161 165 168 167 164 163 163 163 163 162 160 160 159 159 160 161 162 163 164 164 162 160 159 159 160 160 158 157 155 153 152 153 154 154 154 153 153 154 155 156 156 156 155 153 152 150 148 147 145 144 141 138 136 137 138
142 144 149 152 153 154 154 153 153 154 155 156 156 154 153 152 151 149 148 149 151 154 156 159 160 160 158 156 155 155 154 153 151 150 147 145 147 153 158 162 166 169 167 165 163 163 163 162 161 160 160 159 159 160 160 161 162 163 163 161 160 159 159 160 160 159 157 155 153 153 153 155 155 155 154 154 155 156 157 157 157 155 153 152 150 148 147 146 144 142 138 136 137 139
144 146 148 151 154 155 155 154 154 155 157 157 156 155 154 153 152 150 149 149 151 154 157 159 161 161 159 158 157 156 156 155 153 152 149 148 150 155 160 163 167 170 168 165 164 163 163 162 161 160 159 159 159 160 160 161 162 163 163 161 160 159 160 161 160 159 157 155 154 153 154 155 156 156 155 156 157 158 158 158 157 155 153 152 150 148 147 146 145 143 139 137 138 140
146 147 149 153 156 156 156 155 155 156 157 158 157 156 155 154 153 151 150 149 151 154 157 159 162 162 161 160 159 158 157 156 155 154 152 150 152 157 162 165 168 170 168 165 163 163 162 162 161 160 159 159 159 160 160 161 162 163 162 161 160 159 160 161 161 159 157 155 154 153 154 155 156 156 156 157 159 159 159 159 157 155 153 152 150 149 148 147 145 143 140 138 140 141
143 147 152 156 156 156 155 155 154 156 157 157 156 155 154 154 153 151 149 148 150 154 156 159 162 162 161 160 159 158 157 156 155 153 152 150 153 158 163 166 169 171 168 165 163 162 162 161 160 159 159 159 159 159 160 161 161 162 162 161 159 159 160 162 161 159 157 155 154 153 153 154 155 155 156 158 159 160 160 159 157 155 153 152 150 149 147 147 146 144 141 139 140 142
133 140 151 155 155 154 154 153 153 154 155 155 154 153 153 153 152 150 147 146 149 152 155 158 160 161 159 158 157 156 155 154 152 151 149 148 151 157 162 165 169 170 167 164 162 161 161 161 160 159 158 158 158 159 159 160 161 162 161 160 159 159 160 162 161 159 157 155 153 152 152 153 154 155 156 158 159 160 160 159 157 155 153 152 150 149 147 147 146 144 141 139 140 143
121 126 139 147 150 152 153 152 152 153 154 154 153 152 152 152 151 149 146 145 147 151 154 156 159 159 157 155 154 153 152 150 149 147 145 145 148 154 159 163 167 168 166 162 161 160 160 160 159 158 158 158 158 158 159 160 160 161 161 160 159 159 160 162 161 159 157 155 153 152 152 153 153 154 156 158 160 160 160 159 157 155 154 152 151 149 148 147 146 145 142 140 141 144
130 133 139 143 147 151 152 152 152 153 154 154 153 152 152 152 152 150 146 145 147 151 153 156 158 157 155 153 151 150 149 147 144 142 140 140 143 149 155 160 164 166 163 161 159 159 159 159 158 158 157 157 158 158 159 159 160 160 160 159 159 159 160 162 161 159 157 155 153 152 152 153 154 155 156 158 160 160 160 159 157 155 155 153 152 150 149 149 148 146 144 142 143 146
141 142 144 144 147 150 152 152 153 154 155 155 154 153 153 153 153 151 148 146 148 152 154 155 157 155 152 149 147 146 144 142 139 136 133 133 136 143 149 155 160 162 160 158 158 158 158 158 158 157 157 157 157 158 158 159 159 160 160 159 158 159 160 162 161 159 157 155 153 152 152 153 154 155 157 158 159 160 160 158 157 156 155 154 153 151 150 150 150 148 146 144 146 148
142 143 145 147 149 150 151 152 152 153 154 155 154 153 153 153 153 152 149 147 150 153 154 155 156 153 149 146 145 143 142 139 135 132 129 128 131 138 144 150 155 158 158 156 156 156 157 157 157 156 156 157 157 158 158 159 159 160 160 159 158 159 160 162 161 158 156 154 152 152 152 153 154 155 156 157 158 158 157 156 155 155 155 154 153 151 150 150 150 149 147 145 147 150
140 143 148 150 150 150 150 151 151 152 153 153 152 151 151 152 152 150 147 146 149 153 155 156 156 154 150 147 145 145 144 141 137 134 131 130 132 138 144 148 153 156 156 155 155 155 156 157 156 156 156 156 157 157 158 158 159 159 159 158 158 159 160 162 160 157 155 153 151 151 152 152 153 154 156 156 155 155 154 153 152 152 152 152 151 149 148 148 148 147 145 144 146 149
132 138 147 151 150 149 149 150 150 151 152 152 150 149 149 149 149 148 145 144 147 152 154 156 156 154 151 148 147 147 146 143 140 137 134 132 134 139 144 148 152 155 155 154 154 155 156 156 156 155 155 156 157 157 157 158 158 159 159 158 158 158 160 161 160 156 154 152 151 150 151 152 153 154 155 155 154 153 152 150 149 149 150 149 148 146 145 146 146 145 143 142 144 148
123 127 137 145 147 148 148 149 149 150 151 151 149 148 147 148 147 146 143 142 145 150 153 155 155 153 150 148 147 148 147 145 141 138 134 133 135 140 145 148 152 155 154 153 154 154 156 156 156 155 155 156 156 157 157 157 158 158 158 158 157 158 159 161 159 156 153 151 150 150 151 151 152 153 154 154 153 152 151 149 148 148 148 148 147 145 144 144 144 144 142 141 143 147
131 132 137 141 144 147 148 148 149 150 150 150 149 147 146 146 145 143 139 138 141 146 150 152 153 151 149 148 147 147 147 144 140 137 134 133 135 140 145 149 152 154 154 153 153 154 155 156 155 155 155 155 156 156 156 157 157 158 158 157 157 157 159 160 158 155 152 150 149 149 150 150 151 152 153 153 152 151 150 148 147 147 148 147 146 144 143 144 144 143 142 141 143 147
140 141 142 143 144 146 147 148 149 150 150 150 149 147 146 146 144 140 135 133 137 142 146 149 150 150 148 147 146 146 146 143 139 137 134 132 135 140 145 149 152 154 154 153 153 154 155 155 155 154 154 155 156 156 156 156 157 157 157 157 157 157 158 159 157 154 151 150 149 149 149 149 150 151 152 152 151 150 149 147 146 146 147 146 145 143 142 143 143 143 142 141 143 146
141 142 143 145 146 147 147 149 150 150 151 151 150 149 149 148 146 142 137 135 137 142 146 148 150 150 148 147 147 147 147 143 139 137 134 132 135 141 146 149 152 155 154 153 153 154 155 155 155 154 154 155 156 156 156 156 157 157 157 157 157 157 158 159 157 154 151 150 149 149 149 149 149 150 150 150 149 148 147 146 144 144 145 144 143 141 140 141 142 141 140 139 141 145
140 142 146 148 148 148 148 150 151 152 152 152 152 151 152 152 150 147 141 138 141 145 148 149 151 151 150 149 149 149 148 144 140 137 134 132 135 141 146 149 153 155 155 154 154 155 156 156 155 154 154 155 156 156 156 156 157 157 157 157 157 157 158 159 157 154 152 150 150 149 149 148 148 148 149 148 147 146 145 143 142 142 142 141 140 138 137 138 139 139 137 137 139 142
135 139 146 149 149 148 149 151 152 152 153 153 153 153 154 154 153 150 144 141 144 148 150 151 152 153 152 151 150 150 149 146 142 138 135 133 135 141 146 150 153 155 155 154 155 155 156 156 155 155 155 156 156 157 156 156 157 157 157 157 157 157 158 159 157 154 152 150 150 149 149 148 148 148 148 147 146 145 143 142 140 140 139 139 137 135 134 135 136 136 135 134 136 139
129 132 141 146 148 149 150 152 153 153 153 153 154 155 156 156 155 152 146 143 146 150 152 153 154 154 153 153 152 152 150 146 142 139 135 133 136 142 147 150 154 156 156 155 155 156 157 157 156 155 155 156 157 157 156 156 156 157 157 157 157 157 158 158 157 154 152 150 150 149 148 148 147 147 147 146 145 143 141 140 138 137 137 136 134 132 131 132 133 133 131 131 132 136
134 135 140 145 148 150 151 152 154 154 153 153 154 155 156 156 156 154 149 146 149 153 155 156 157 156 155 154 154 153 151 147 143 140 136 134 136 142 147 151 155 157 157 157 157 157 158 157 156 155 155 156 157 156 156 156 156 157 157 157 157 157 158 158 156 153 151 150 149 149 148 147 146 146 146 145 143 141 140 138 136 135 134 133 131 129 128 129 130 129 128 127 129 132
139 140 143 147 150 151 152 153 154 154 154 153 154 155 155 155 154 153 149 148 151 156 158 159 159 158 157 156 155 154 152 148 144 140 136 134 137 143 148 152 156 159 159 158 158 158 159 158 157 156 156 156 156 156 155 155 156 157 157 157 157 157 158 157 156 153 151 150 149 149 148 147 146 146 146 145 143 141 138 136 134 133 133 132 130 127 126 127 128 127 126 125 127 130
138 141 146 150 151 151 152 153 154 154 153 153 153 154 153 152 152 150 147 146 150 156 158 159 159 159 158 156 155 154 152 149 145 141 137 135 137 143 149 152 156 160 160 159 159 159 160 159 158 157 156 157 157 156 155 155 156 157 158 158 157 157 157 157 155 153 151 150 149 149 148 147 146 146 146 145 143 140 138 136 134 133 133 132 130 128 127 128 129 129 127 126 128 132
131 136 146 151 150 150 151 153 154 153 153 152 152 152 152 150 149 148 144 144 148 154 157 158 158 158 157 157 156 155 153 150 146 142 138 136 138 144 149 153 157 160 161 160 160 160 160 160 159 158 157 157 157 156 155 155 156 157 158 158 157 157 157 157 155 153 151 150 150 149 148 147 146 146 146 145 143 140 138 136 134 133 133 132 130 128 128 129 131 130 129 129 131 135
120 122 132 143 146 148 149 151 153 152 151 151 151 151 150 149 148 147 144 143 148 153 156 157 158 157 157 156 156 155 153 151 148 144 140 137 139 145 150 154 158 162 162 161 160 160 161 160 159 158 158 158 157 157 156 156 156 158 158 158 157 157 157 156 154 152 151 150 150 149 148 147 146 146 146 144 142 139 137 134 133 132 132 132 130 129 129 130 132 132 131 131 134 138
130 131 134 138 141 145 146 149 150 150 149 149 149 149 149 148 147 146 144 144 148 153 156 157 157 157 157 157 157 156 155 153 151 148 144 140 142 148 153 156 160 163 163 162 161 161 162 161 160 159 158 158 158 157 156 156 157 158 159 158 157 157 156 155 154 152 151 150 150 150 148 147 145 145 145 143 140 137 134 132 130 130 130 130 129 128 129 131 132 133 132 132 136 141
147 146 144 141 140 142 144 146 147 147 147 147 148 148 148 147 147 146 144 144 148 152 155 156 156 156 157 157 158 157 157 156 154 151 148 144 146 151 156 159 162 166 165 164 163 162 162 162 160 159 159 159 158 158 157 157 157 159 159 158 157 156 156 155 154 152 151 150 150 150 149 147 145 145 144 142 138 134 132 129 128 128 129 129 129 128 129 131 133 134 133 134 138 143
