WindNinja_Processing/data/slink/ang.asc
ncols	112
nrows	173
xllcorner	274595.496186
yllcorner	4267255.676178
cellsize	41.650000
NODATA_value	-32768.000000
[rows 42 to 83 of 173, columns 0 to 93 of 112]
150 146 140 142 146 149 151 153 154 151 150 149 148 147 148 149 150 150 150 150 150 150 150 149 149 150 152 154 157 160 162 161 159 158 158 158 158 157 156 156 156 156 156 155 155 155 155 155 155 155 155 156 156 156 155 155 155 155 155 155 154 154 155 155 154 153 151 150 149 148 148 148 148 148 148 148 148 148 148 149 150 151 152 154 156 158 158 156 154 151 147 144 144 145
158 149 140 143 147 150 152 154 153 151 149 148 147 146 147 149 150 150 150 150 150 150 149 149 149 150 152 155 157 161 163 162 160 159 159 159 158 158 157 157 157 157 156 156 156 155 155 155 155 155 155 156 156 156 155 155 155 155 155 155 154 154 155 155 154 152 151 150 148 147 147 147 147 148 148 148 147 147 148 148 149 150 151 152 154 157 157 155 152 150 146 143 143 144
160 154 147 147 150 151 153 154 153 151 149 147 146 146 146 148 149 150 150 150 150 150 149 149 149 150 152 155 158 161 163 162 160 159 159 159 159 158 158 157 157 157 157 157 156 156 156 156 156 156 156 156 156 156 155 155 155 155 155 155 154 154 155 155 154 152 151 149 148 147 147 147 147 147 147 147 147 147 147 148 149 149 150 151 153 155 156 153 151 149 145 142 142 144
154 152 150 151 152 152 153 154 153 151 149 148 147 146 147 148 149 150 150 150 150 150 149 149 148 150 152 155 158 161 164 162 161 160 160 160 160 159 159 158 158 158 158 157 157 157 156 156 156 156 156 156 157 156 156 155 155 155 155 155 155 155 155 155 154 152 150 149 147 146 146 146 146 146 146 146 146 146 146 147 148 148 149 150 152 154 155 152 150 148 144 142 142 144
149 148 148 151 152 153 154 154 153 151 150 149 148 147 148 149 150 151 151 151 151 150 150 149 148 149 152 155 158 161 164 163 161 160 160 161 161 160 160 159 159 159 158 158 157 157 157 157 157 156 157 157 157 156 156 155 155 155 155 155 155 155 155 155 154 152 150 148 147 145 145 145 145 145 145 145 144 144 145 146 147 147 148 149 151 153 153 151 149 147 144 142 143 145
148 147 147 149 152 153 154 154 153 152 151 150 149 148 149 150 151 151 151 151 151 151 150 149 148 149 152 155 158 161 163 162 161 160 161 161 162 161 160 160 159 159 158 158 158 157 157 157 157 157 157 157 157 156 156 155 155 155 155 155 155 155 155 156 155 153 151 149 147 145 144 144 144 144 144 144 143 143 144 145 146 146 147 148 150 152 152 150 147 145 143 140 141 144
148 147 145 147 150 152 153 153 152 151 151 150 149 149 149 150 151 152 152 152 152 151 150 149 148 150 152 155 158 161 163 162 161 161 161 162 162 162 161 160 160 159 159 158 158 157 157 157 157 157 157 157 157 157 156 156 155 156 156 155 155 155 156 156 156 154 152 150 147 145 145 144 144 144 143 143 143 143 143 144 145 145 146 147 149 151 150 148 145 143 140 138 139 141
148 147 145 147 150 152 153 153 152 151 151 150 149 149 149 150 151 152 152 152 152 151 150 149 148 150 152 155 158 161 163 162 161 161 161 162 162 162 161 160 160 159 159 158 158 157 157 157 157 157 157 157 157 157 156 156 155 156 156 155 155 155 156 156 156 154 152 150 147 145 145 144 144 144 143 143 143 143 143 144 145 145 146 147 149 151 150 148 145 143 140 138 139 141
151 148 144 146 149 151 152 152 151 151 150 150 149 149 150 151 151 152 152 152 152 152 151 150 149 150 153 156 158 162 164 163 161 161 161 162 163 162 161 161 160 159 159 158 157 157 157 157 157 157 157 157 157 157 156 156 156 156 156 156 156 156 157 157 157 155 153 150 148 146 145 144 144 143 143 143 142 142 143 143 144 144 145 146 147 149 149 146 144 141 138 136 136 138
151 149 146 146 148 150 151 151 151 151 151 151 150 150 150 151 152 153 153 153 153 152 151 150 149 150 153 156 159 162 164 163 162 162 162 163 164 163 162 161 160 159 158 158 157 157 157 157 157 157 157 157 157 157 156 156 156 156 156 156 156 156 158 158 158 156 153 151 148 145 144 144 143 142 142 141 141 141 141 142 143 143 143 144 146 147 147 144 142 140 136 134 134 136
148 147 146 146 148 150 151 152 152 153 153 153 152 152 152 153 153 154 154 154 154 153 152 151 150 151 154 157 160 163 165 164 163 163 163 164 165 164 162 161 160 159 158 158 157 157 157 157 157 157 157 157 157 157 157 156 156 157 157 157 157 157 158 160 159 157 154 151 147 144 143 142 141 141 140 139 139 139 139 140 141 141 141 142 144 145 145 143 140 138 135 133 133 134
145 145 144 145 146 149 151 153 154 155 155 155 155 154 154 155 155 155 155 155 155 154 153 152 151 153 156 159 161 164 166 166 165 164 165 166 165 164 163 161 160 159 158 157 157 157 157 157 157 157 157 157 157 157 157 157 157 157 157 157 157 158 160 161 160 158 155 151 147 144 142 141 140 139 138 138 137 137 137 138 138 139 139 140 142 143 143 141 139 137 134 132 132 133
144 144 142 142 144 147 150 152 154 156 157 156 156 155 155 156 156 156 156 156 155 154 154 152 152 153 156 160 162 165 168 167 166 166 166 167 167 165 163 162 160 159 158 158 157 157 157 157 157 157 157 157 157 157 157 157 157 157 158 158 158 159 161 163 163 160 157 153 148 144 143 142 141 140 139 139 138 138 138 138 138 138 139 139 141 142 142 140 138 136 133 131 131 133
145 142 137 138 141 145 148 151 153 155 156 156 156 155 155 156 156 156 156 156 155 154 154 153 152 153 157 160 163 166 169 168 167 167 167 168 168 166 164 162 160 159 158 158 158 158 158 158 157 157 157 157 157 158 158 158 158 158 158 158 159 160 163 165 165 162 159 155 150 146 145 144 143 143 142 141 140 140 140 140 140 139 139 140 141 142 141 139 137 135 133 131 132 133
150 142 135 137 141 145 147 150 153 155 156 156 156 155 156 156 157 157 157 156 156 155 154 153 152 154 157 161 164 167 170 169 169 168 168 169 168 166 164 162 161 159 159 158 158 158 158 158 158 157 157 157 158 158 158 158 158 158 159 159 160 161 164 167 167 164 160 156 151 148 146 146 145 144 143 142 142 142 141 141 140 140 139 139 140 141 140 137 135 134 132 131 132 133
151 145 140 139 142 145 147 151 154 155 156 156 156 156 157 157 158 158 158 158 157 157 156 155 154 155 158 162 165 168 171 171 170 169 169 170 169 167 164 162 161 159 159 158 158 158 158 158 158 157 157 157 158 158 158 158 159 159 159 160 161 163 165 168 168 165 161 157 152 148 147 147 147 146 144 144 143 143 142 141 141 140 139 139 139 139 138 135 133 132 130 130 131 132
144 142 140 141 143 145 148 151 154 155 156 156 157 157 158 159 160 161 160 160 160 159 159 157 157 158 161 164 166 170 172 172 171 170 170 170 169 167 164 162 161 159 159 158 158 158 158 158 158 158 158 158 158 158 159 159 159 159 160 161 162 164 166 169 169 166 162 158 153 149 149 149 148 147 145 144 144 143 143 142 141 140 138 137 137 136 134 132 130 129 128 128 129 131
137 136 136 139 143 146 148 151 154 155 155 156 156 158 159 160 161 162 162 162 162 161 161 160 159 160 163 166 169 172 174 173 172 171 171 171 169 167 164 162 161 159 159 158 158 158 159 159 158 158 158 158 158 158 159 159 159 160 160 161 163 165 167 170 169 166 162 158 153 150 149 149 149 147 146 145 145 144 144 143 142 141 139 138 136 135 133 130 129 128 127 128 129 131
135 134 134 137 141 145 147 150 153 153 152 153 154 155 157 159 160 160 160 161 161 161 161 160 160 161 165 168 170 173 175 174 173 172 172 171 169 167 164 162 160 159 158 158 158 159 159 159 159 158 158 158 159 159 159 159 160 160 161 162 164 166 168 171 170 166 162 157 152 149 149 150 149 148 146 146 145 145 145 144 144 143 142 141 140 138 136 134 132 131 131 131 132 133
132 132 132 134 139 143 146 149 151 150 149 149 150 151 153 155 156 156 157 157 158 159 159 159 159 161 165 168 171 174 176 175 174 173 172 171 169 167 164 162 160 159 158 158 158 159 159 159 159 159 158 159 159 159 159 160 160 160 161 163 164 166 169 172 170 166 161 157 152 149 149 149 149 148 146 146 146 146 146 146 146 146 145 144 143 141 139 137 136 135 134 134 135 135
130 129 129 132 137 141 144 146 148 147 146 145 146 148 149 150 151 152 152 153 155 156 157 157 158 161 165 169 172 175 177 176 174 173 172 171 169 166 164 161 160 158 158 158 158 159 159 159 159 159 159 159 159 159 160 160 160 161 162 163 165 167 170 172 170 166 161 157 152 149 149 150 149 148 146 146 146 147 147 148 148 148 147 146 145 143 141 139 138 137 136 136 136 137
131 129 127 130 135 139 141 143 144 142 140 140 140 142 143 144 145 146 147 148 150 152 155 156 158 161 166 170 173 176 177 176 174 173 171 170 168 165 163 161 159 158 158 158 158 159 159 160 159 159 159 159 159 160 160 160 161 161 162 164 165 167 170 172 170 166 161 157 152 149 149 150 149 148 146 146 147 148 148 149 150 150 149 148 147 145 143 142 140 139 138 138 138 138
132 130 127 129 133 136 137 139 139 137 135 134 134 136 137 137 138 139 140 142 145 148 152 154 157 162 167 171 174 177 178 176 174 172 171 169 167 165 162 160 159 158 158 158 158 159 160 160 159 159 159 159 160 160 160 161 161 162 163 164 166 168 171 172 170 166 161 156 152 149 149 150 149 147 146 146 147 148 149 150 151 151 150 149 148 146 144 143 143 142 140 139 139 139
133 130 128 128 132 135 137 139 139 136 134 133 133 135 135 135 135 136 137 139 142 145 149 152 157 162 168 172 175 177 178 176 173 171 169 168 166 164 161 160 158 157 157 158 158 159 160 160 160 159 159 159 160 160 161 161 162 162 164 165 166 168 171 172 170 165 160 156 151 149 149 149 148 147 145 145 146 148 149 151 152 151 150 149 148 146 144 144 144 143 142 141 141 141
133 130 127 129 134 137 139 141 141 139 137 137 137 138 138 137 137 137 137 138 140 143 147 150 156 162 169 173 176 177 177 175 172 170 168 167 165 163 160 159 157 157 157 157 158 159 159 160 159 159 159 159 160 160 161 162 162 163 164 165 167 169 171 172 170 165 160 155 150 148 148 148 147 145 144 144 145 147 149 150 151 151 150 148 146 144 144 144 144 143 143 142 142 143
136 132 128 131 135 139 141 143 144 143 141 140 140 141 140 139 138 137 137 137 139 142 145 149 155 162 168 173 175 177 176 173 170 168 167 165 163 161 159 158 157 156 156 157 158 158 159 160 159 159 159 160 160 161 161 162 163 163 164 166 167 169 171 172 170 164 159 154 150 147 147 147 146 144 142 143 145 147 148 150 151 150 149 147 145 144 143 143 144 144 143 143 144 145
138 135 132 133 138 141 143 145 146 145 144 143 143 142 141 140 138 137 136 136 137 140 143 148 154 162 167 171 174 174 174 171 168 166 165 163 162 160 158 157 156 155 156 156 157 158 159 160 159 159 159 160 160 161 162 162 163 164 165 166 167 169 171 172 170 164 158 153 149 146 146 146 145 143 141 142 144 146 148 150 151 150 149 147 145 143 143 144 144 145 144 144 145 146
137 135 133 135 140 143 145 148 149 148 146 145 144 143 142 140 138 136 134 133 134 137 139 144 152 159 164 167 170 170 170 167 165 164 162 161 160 159 157 156 155 155 155 156 157 158 159 160 160 159 160 160 161 161 162 163 163 164 165 166 168 169 172 173 170 164 158 152 147 144 144 144 143 141 140 141 144 146 148 150 151 150 148 147 145 143 143 144 145 146 146 146 147 148
135 133 132 135 140 145 148 151 152 151 149 147 146 144 142 140 137 135 133 132 133 135 137 142 150 156 159 162 164 165 165 163 162 161 160 159 158 157 156 155 154 154 154 155 156 158 159 160 160 160 160 160 161 162 162 163 164 165 166 167 168 170 172 173 170 164 157 152 147 143 143 143 142 140 139 140 143 146 148 150 151 150 148 147 145 143 143 144 146 146 147 147 148 149
135 133 131 134 140 145 148 151 153 153 151 149 147 145 143 141 139 137 134 133 135 137 140 146 153 158 159 160 160 161 161 160 160 159 158 157 157 156 155 154 153 153 154 155 156 157 159 160 160 160 160 161 161 162 163 164 165 166 167 168 169 171 173 174 170 164 158 152 147 144 143 143 142 140 138 140 143 145 148 150 151 150 148 146 144 142 143 144 145 146 147 148 149 150
135 133 131 134 140 144 148 152 154 153 151 150 148 146 144 142 140 139 137 136 138 141 144 150 157 160 160 159 159 159 159 158 158 157 156 156 155 155 154 154 153 152 153 154 155 157 158 159 160 160 160 161 162 163 163 164 166 167 168 169 170 171 173 174 170 164 157 152 147 143 143 142 141 139 138 139 142 145 147 150 151 149 147 146 144 142 142 144 145 146 147 148 149 150
136 133 131 134 140 144 148 152 155 154 152 151 149 147 145 144 142 140 138 138 140 143 147 152 159 161 160 158 157 157 157 156 156 155 155 154 154 154 153 153 152 151 152 154 155 157 158 160 160 160 161 161 162 163 164 165 166 168 169 170 171 172 174 174 170 162 156 150 146 143 142 142 141 139 138 139 142 145 147 149 151 149 147 145 143 142 142 144 145 146 148 149 150 151
135 133 131 133 139 144 147 152 155 154 153 151 150 148 147 145 144 142 140 140 142 145 149 154 160 162 159 157 156 155 155 155 154 154 153 153 153 152 152 151 151 150 151 153 155 156 158 160 160 160 161 162 162 163 165 166 167 169 171 172 173 174 175 174 168 160 154 148 144 141 141 142 141 139 138 139 142 145 147 149 150 149 147 145 144 142 142 144 146 147 148 149 150 151
135 133 130 132 138 143 147 152 155 154 152 151 151 150 149 147 146 144 142 141 143 147 150 155 160 161 159 156 155 154 154 153 153 152 152 152 151 151 151 150 150 149 151 152 154 156 158 160 160 160 161 162 163 164 165 167 169 171 173 175 176 176 176 174 166 157 151 146 142 140 141 141 141 139 138 140 143 145 147 149 150 149 147 145 144 143 143 145 147 148 149 150 151 151
136 133 130 131 138 143 147 151 154 153 151 151 150 149 149 148 147 145 142 142 144 148 151 156 161 161 158 155 153 153 152 152 151 151 151 151 151 150 150 150 149 149 150 152 154 156 158 160 160 161 161 162 163 164 166 167 170 173 176 178 179 179 178 174 166 157 151 146 142 140 141 141 141 139 139 140 143 145 147 149 149 148 146 145 143 142 143 145 147 148 150 151 151 151
137 132 128 131 138 144 147 152 154 152 150 149 148 148 147 147 146 144 142 141 144 148 152 156 161 161 157 154 153 152 151 151 150 150 150 150 150 150 149 149 148 148 149 152 154 156 158 160 160 161 161 162 163 165 166 168 171 175 178 181 181 181 179 174 166 158 152 147 143 141 141 141 141 140 139 140 143 145 147 148 149 147 145 144 143 142 142 144 146 148 150 151 152 151
141 134 129 132 140 144 148 152 154 151 148 147 146 146 145 144 143 142 140 140 143 147 151 156 160 160 156 153 152 151 150 150 149 149 149 149 149 149 149 148 148 148 149 151 153 156 158 160 161 161 162 163 164 165 167 169 172 176 180 181 181 180 178 173 165 158 153 148 144 142 142 142 141 140 139 140 143 145 147 148 148 146 145 144 142 141 142 144 146 148 150 151 151 151
145 140 135 137 142 145 148 151 152 149 146 144 143 143 142 141 140 139 138 138 142 146 150 155 159 159 155 152 150 149 149 149 148 148 148 148 148 148 148 148 147 147 149 151 153 156 158 160 161 161 162 163 164 165 167 169 172 177 180 181 180 179 176 171 165 159 154 150 146 143 143 143 142 141 140 141 143 145 146 147 147 146 144 143 142 141 142 144 145 147 149 151 150 150
142 140 138 140 145 146 148 150 150 146 141 139 138 137 137 136 135 135 134 135 139 144 148 153 157 156 152 149 148 147 147 147 146 146 146 146 147 147 147 147 146 146 148 151 153 156 158 160 160 161 161 162 163 165 167 169 172 176 179 179 178 176 174 170 165 160 156 152 148 145 144 144 143 142 141 141 143 145 146 147 146 145 144 143 142 141 142 143 145 146 148 149 149 148
138 137 136 141 147 148 148 149 147 142 137 134 133 132 132 131 131 132 131 133 137 142 146 151 154 153 150 147 146 145 145 145 145 144 145 145 145 146 146 146 145 146 148 150 153 156 158 160 160 160 161 162 163 164 166 169 172 175 177 176 174 173 170 167 163 160 157 153 149 146 145 145 144 143 142 142 144 145 146 146 146 145 144 143 142 142 142 143 144 145 147 148 147 146
137 137 138 142 147 149 149 150 149 144 139 137 135 135 134 133 133 133 133 134 138 143 146 150 154 153 149 146 145 145 145 145 144 144 144 144 144 145 145 145 145 145 147 150 153 156 159 161 161 161 161 162 163 164 166 168 171 174 175 173 171 169 166 163 161 158 156 152 149 146 146 146 145 144 143 143 144 145 146 146 146 145 144 143 143 143 143 144 145 146 147 147 146 145
132 134 137 140 146 149 151 152 151 147 143 141 140 139 138 137 136 136 136 137 140 144 147 151 154 152 149 146 145 145 145 144 144 143 143 143 143 144 144 144 144 145 147 150 153 156 159 161 161 161 161 162 163 164 166 168 170 173 174 171 168 166 163 161 158 156 154 151 148 146 146 146 145 144 143 144 145 146 146 146 146 145 145 144 144 144 144 145 146 146 147 147 146 144
