WindNinja_Processing/data/slink/ang.asc
ncols	112
nrows	173
xllcorner	274595.496186
yllcorner	4267255.676178
cellsize	41.650000
NODATA_value	-32768.000000
[rows 0 to 41 of 173, columns 0 to 93 of 112]
150 150 148 148 149 154 159 153 148 149 154 159 153 148 149 149 150 150 149 148 148 150 151 150 149 150 150 152 153 152 151 151 154 156 153 151 151 151 152 153 152 150 150 150 151 150 149 149 149 149 149 149 148 147 144 141 144 147 146 145 141 137 140 144 140 135 127 123 125 121 90 72 124 133 141 143 146 148 150 153 157 158 156 153 156 160 160 159 156 152 153 155 157 163
150 150 148 148 149 154 159 153 148 149 154 159 153 148 149 149 150 150 149 148 148 150 151 150 149 150 150 152 153 152 151 151 154 156 153 151 151 151 152 153 152 150 150 150 151 150 149 149 149 149 149 149 148 147 144 141 144 147 146 145 141 137 140 144 140 135 127 123 125 121 90 72 124 133 141 143 146 148 150 153 157 158 156 153 156 160 160 159 156 152 153 155 157 163
150 150 148 148 149 154 159 153 148 149 154 159 153 148 149 149 150 150 149 148 148 150 151 150 149 150 150 152 153 152 151 151 154 156 153 151 151 151 152 153 152 150 150 150 151 150 149 149 149 149 149 149 148 147 144 141 144 147 146 145 141 137 140 144 140 135 127 123 125 121 90 72 124 133 141 143 146 148 150 153 157 158 156 153 156 160 160 159 156 152 153 155 157 163
151 150 146 144 144 150 155 152 147 147 152 157 155 151 150 148 149 150 149 148 147 149 150 150 149 148 149 150 152 151 150 150 153 155 154 152 151 151 152 153 152 151 150 150 151 150 149 149 149 149 150 151 152 151 148 143 143 147 150 151 147 142 142 148 152 153 147 139 138 149 160 146 129 122 130 138 143 146 148 151 156 157 155 152 154 159 161 160 156 150 148 148 153 169
153 150 144 141 143 148 150 150 148 148 151 153 154 154 152 150 149 149 149 148 148 149 149 149 149 149 149 150 150 150 150 150 152 153 154 153 152 152 152 152 152 151 151 151 151 150 150 150 150 150 151 152 153 152 149 146 146 148 150 151 149 147 147 151 154 155 152 149 151 158 158 148 136 129 129 134 140 144 146 150 153 154 153 152 153 155 157 157 154 150 146 144 152 166
161 153 144 143 145 148 149 149 149 149 150 152 153 154 153 151 150 149 148 148 148 148 149 149 149 149 149 149 150 150 150 151 151 152 153 153 153 152 152 152 152 152 151 151 151 151 150 150 150 151 151 153 153 152 150 149 149 149 150 150 150 150 151 153 154 154 154 155 157 159 156 151 145 138 132 132 137 142 145 149 151 152 152 152 152 154 154 153 152 150 146 145 152 160
162 156 149 147 147 148 149 149 149 150 151 152 153 154 154 152 150 149 148 148 148 148 148 148 149 149 149 149 149 149 150 150 151 152 153 153 153 153 152 152 152 152 151 151 151 151 151 151 151 151 152 153 154 153 151 150 150 150 151 151 151 152 153 155 155 155 156 157 160 161 158 154 149 141 134 133 137 141 145 148 151 151 151 151 152 153 153 152 151 149 145 145 150 158
157 154 151 149 148 148 149 149 149 150 151 151 153 154 154 152 150 149 148 148 148 148 148 148 149 149 149 149 149 149 150 150 151 152 152 153 153 153 152 152 152 152 152 151 151 151 151 151 151 151 152 153 154 153 152 151 151 151 152 152 152 153 154 156 156 156 157 159 161 162 159 155 151 143 135 134 137 142 145 148 151 151 150 150 151 152 152 151 149 148 144 143 148 155
153 152 149 148 148 148 149 149 149 150 151 151 153 154 154 151 149 148 148 148 147 148 148 148 149 149 149 149 149 149 149 150 151 151 152 153 153 153 152 152 152 152 152 151 151 151 151 151 151 152 152 153 154 154 153 152 152 152 152 152 153 153 155 156 156 156 157 159 160 161 159 155 151 143 136 134 138 142 146 149 152 151 150 150 151 152 152 150 149 147 143 142 146 152
155 151 146 145 146 148 149 149 149 149 150 151 153 154 153 151 149 148 148 147 147 147 148 148 148 149 149 149 149 149 150 150 151 152 152 153 153 153 152 152 152 152 152 151 151 151 151 151 151 152 152 154 155 154 153 152 152 153 153 153 153 154 155 156 156 155 156 157 159 159 157 153 149 142 134 132 136 141 145 149 152 152 151 151 151 152 152 150 148 146 142 141 144 149
163 154 144 144 146 148 148 148 148 149 150 151 153 154 153 151 149 148 147 147 147 147 148 148 149 149 149 149 149 149 150 150 151 152 153 153 154 153 153 152 152 152 152 152 151 151 151 151 152 152 153 154 155 154 153 153 152 153 153 153 153 154 155 156 155 155 155 156 157 158 155 151 147 140 132 130 134 140 145 149 152 152 151 151 152 153 152 150 147 145 141 139 142 146
164 157 149 148 148 148 148 148 148 149 150 151 152 153 152 150 149 148 147 147 147 147 148 148 149 149 149 149 149 149 150 150 151 152 153 153 154 153 153 152 152 152 152 152 152 151 151 151 152 152 153 154 155 154 153 153 153 153 153 153 153 153 154 155 155 154 154 155 156 157 154 150 146 139 132 130 134 139 144 149 152 152 151 151 152 152 151 149 146 143 139 137 139 143
158 155 151 150 149 148 148 148 148 149 149 150 151 152 151 149 148 147 147 146 147 147 148 148 149 149 149 149 149 149 149 150 151 152 153 154 154 153 153 153 152 152 152 152 152 152 151 151 152 152 153 154 155 154 153 153 153 153 153 153 153 153 154 155 154 153 153 154 156 156 154 150 146 139 132 130 134 139 144 149 152 152 151 151 151 152 150 147 144 140 136 134 136 140
153 152 150 149 148 148 148 148 148 148 149 149 150 150 149 147 146 146 146 146 147 147 148 148 149 149 149 149 149 149 149 150 151 152 153 154 154 153 153 153 152 152 152 152 152 152 152 152 152 153 153 154 155 155 154 153 153 153 153 153 153 153 154 154 154 153 153 153 155 155 153 149 145 139 132 130 134 140 145 150 153 153 152 152 152 152 150 145 142 138 134 131 133 137
154 153 150 147 147 148 148 148 148 148 149 149 149 149 148 146 146 146 146 146 147 147 148 148 149 149 149 149 149 149 149 150 151 152 153 154 154 153 153 153 152 152 152 152 152 152 152 152 152 153 153 155 155 155 154 153 153 154 154 153 153 153 153 154 153 153 152 153 154 155 152 148 145 139 132 130 134 139 145 150 154 155 154 154 153 153 151 146 142 138 133 131 132 136
160 155 146 144 146 147 148 148 148 149 149 149 149 148 147 146 146 146 146 147 147 148 148 149 149 150 150 149 149 149 150 150 151 152 153 154 154 154 153 153 153 152 152 152 152 152 152 152 152 153 154 155 156 155 154 154 154 154 154 153 153 153 153 154 153 152 152 152 154 154 151 147 144 138 131 130 133 139 145 150 155 156 156 156 156 155 153 149 145 141 136 132 133 136
171 159 145 144 146 148 148 149 149 149 149 149 148 148 147 146 146 146 147 147 148 148 149 149 150 150 150 150 150 150 150 151 151 152 153 154 154 154 153 153 153 152 152 152 152 152 152 152 153 153 154 155 156 156 155 154 154 154 154 153 153 153 153 154 153 152 152 152 153 153 150 146 143 137 131 130 133 139 144 150 155 156 156 157 157 157 155 151 148 144 138 134 135 137
171 163 152 148 148 148 148 148 148 148 148 148 148 147 147 147 147 147 147 148 148 148 149 149 150 150 150 150 150 150 150 151 152 153 154 154 154 154 153 153 153 153 152 152 152 152 152 152 153 153 154 155 156 156 155 154 154 154 154 153 153 152 153 153 153 152 151 151 152 152 149 145 142 137 132 130 133 139 144 150 155 156 156 156 157 157 155 152 149 146 140 135 136 138
164 160 155 152 150 148 147 146 146 146 146 147 147 147 147 147 148 148 148 149 149 149 149 149 150 150 150 150 150 151 151 152 153 153 154 155 155 154 153 153 153 153 153 153 152 152 152 152 153 154 155 156 157 156 155 155 154 154 154 153 152 152 152 153 152 151 150 150 151 151 148 145 141 137 132 131 134 138 143 149 154 154 154 155 156 156 155 153 151 148 143 138 138 141
160 158 155 153 151 148 146 144 144 143 144 145 146 147 148 148 149 149 149 150 149 149 149 149 149 149 149 150 150 151 152 153 153 154 154 155 155 154 153 153 153 153 153 153 153 152 152 153 153 154 155 156 157 157 156 155 155 154 154 153 152 152 152 152 151 150 149 149 150 150 147 144 141 137 133 132 135 139 143 148 152 152 152 153 154 154 153 152 151 148 144 140 140 143
163 160 154 151 151 149 146 144 142 142 143 144 145 146 148 149 149 149 150 150 149 149 149 149 149 149 149 149 150 151 152 153 154 154 155 155 155 154 153 153 153 153 153 153 153 153 153 153 153 154 155 156 157 157 156 155 155 155 154 153 153 152 152 152 151 150 149 149 149 149 146 144 141 138 135 134 137 141 145 149 152 152 151 151 152 151 151 149 148 146 142 138 140 142
172 164 154 152 151 149 146 143 141 141 142 143 145 146 147 148 149 149 150 150 149 149 148 148 148 148 148 149 150 151 152 153 154 154 155 155 155 154 153 153 153 153 153 153 153 153 153 153 154 154 155 156 157 157 156 156 155 155 155 154 153 153 153 153 152 150 149 149 149 148 146 143 141 139 136 137 140 143 147 150 152 151 150 150 150 149 148 147 145 143 139 136 138 141
175 168 159 155 153 149 145 141 139 141 142 143 145 147 148 148 149 149 150 150 149 148 148 148 148 148 148 148 149 151 152 153 154 154 154 155 154 154 153 153 153 153 153 153 153 153 153 153 154 155 155 157 158 157 156 156 155 155 155 154 153 153 153 153 152 150 149 149 149 148 146 143 141 139 138 138 141 144 147 150 151 150 150 149 149 148 147 146 144 142 139 136 138 141
173 170 164 159 153 147 142 138 137 140 142 144 145 147 148 148 149 149 149 149 148 148 147 147 147 147 147 148 149 151 152 153 153 154 154 154 154 154 153 153 153 153 153 153 153 153 153 153 154 155 156 157 158 158 157 156 156 155 155 154 154 153 153 153 152 150 149 149 149 148 145 143 141 139 139 139 142 144 147 149 149 149 149 149 149 148 147 145 144 142 139 137 138 140
175 174 170 160 150 143 139 136 136 139 142 144 146 148 149 149 148 148 148 148 147 146 146 146 146 146 147 148 149 150 152 153 153 153 154 154 154 154 154 154 154 154 154 154 154 153 153 154 154 155 156 157 158 158 157 156 156 155 155 154 154 153 153 153 152 150 149 149 149 148 145 143 141 139 139 140 142 144 146 147 148 148 148 149 148 148 147 146 144 142 140 138 138 140
185 185 178 158 145 141 137 134 135 139 142 145 147 149 150 149 149 148 148 147 146 146 145 145 145 146 146 147 149 150 152 153 153 153 153 154 154 154 154 154 154 154 154 154 154 154 154 154 155 155 156 157 158 158 157 156 156 155 155 154 154 153 153 152 151 150 149 149 149 148 146 144 142 141 141 142 142 144 145 146 146 147 147 148 148 147 147 146 145 143 141 139 140 141
214 212 180 147 142 141 138 135 135 139 143 146 148 151 152 151 149 148 148 147 146 145 145 145 145 146 147 148 149 151 153 153 153 153 153 153 153 153 153 154 154 154 154 154 154 154 154 154 155 155 156 157 158 158 157 156 155 155 155 154 154 153 153 152 151 150 149 149 149 149 147 146 144 144 144 144 144 145 145 145 145 145 146 146 146 146 146 146 145 144 143 142 142 143
235 228 167 147 144 143 139 136 136 141 145 147 150 153 153 152 150 149 148 147 146 145 145 145 145 146 147 148 149 151 153 153 153 153 153 153 153 153 153 153 154 154 154 154 154 154 154 154 155 156 156 157 158 158 157 156 155 155 155 154 153 153 152 152 151 150 149 149 150 150 148 147 146 146 146 146 145 145 145 144 144 144 145 145 146 146 146 146 145 145 144 144 144 145
203 187 167 156 150 146 142 138 138 143 147 149 152 155 155 152 150 149 147 146 145 145 145 145 145 145 147 148 149 152 153 153 153 153 153 153 153 153 153 153 154 154 154 154 154 154 154 154 155 156 156 157 158 158 157 156 155 155 155 154 153 153 152 152 151 150 149 149 150 150 149 147 146 146 146 146 146 146 145 144 143 144 144 145 146 146 147 146 146 145 145 145 145 146
184 177 169 163 156 149 146 142 142 146 150 152 154 157 156 153 150 148 146 145 144 144 144 144 144 145 146 148 149 152 154 154 153 153 153 153 153 153 153 153 154 154 154 154 154 154 154 155 155 156 156 157 158 158 157 156 156 155 155 154 154 153 153 152 151 150 149 149 149 149 148 147 146 146 146 146 146 146 145 144 143 144 145 145 146 147 147 147 146 146 145 145 146 146
171 171 168 162 156 152 149 147 147 150 154 155 157 158 156 152 149 147 145 144 144 143 143 143 144 144 146 147 149 152 154 154 153 153 153 153 153 153 153 153 154 154 154 154 154 154 154 155 155 156 157 157 158 158 157 156 156 155 155 154 154 153 153 152 151 150 150 149 149 149 147 146 145 146 146 146 146 146 145 144 143 144 145 146 147 148 148 148 147 146 145 145 145 146
176 169 157 152 151 151 149 148 149 153 157 158 159 160 157 152 149 147 145 144 143 143 143 143 143 144 146 147 149 152 154 154 154 153 153 153 153 153 153 153 154 154 154 154 154 154 154 155 155 156 156 157 158 157 156 156 155 155 155 155 154 154 153 153 152 152 151 150 150 150 148 146 146 146 146 145 145 145 144 143 142 143 144 145 147 148 149 148 147 146 146 145 145 145
189 170 148 147 148 149 148 147 149 153 157 159 160 161 158 153 149 147 145 144 144 144 144 144 144 144 146 148 150 152 155 155 154 153 153 154 154 153 153 153 154 154 154 154 154 154 154 154 155 155 156 157 157 157 156 156 155 155 155 155 154 154 154 154 154 153 152 152 152 151 149 147 146 146 145 145 144 144 143 142 141 142 143 145 147 149 149 148 147 146 146 145 144 144
176 164 152 150 149 148 148 148 149 153 157 159 160 160 157 152 149 146 145 144 144 144 144 144 144 145 146 148 150 153 155 155 154 154 154 154 154 154 153 153 154 154 154 154 154 154 154 154 155 155 156 157 157 157 156 155 155 155 155 154 154 154 154 154 154 154 153 153 152 151 149 147 146 146 145 145 144 143 142 141 140 141 143 144 146 149 149 148 147 146 145 144 143 142
161 158 154 153 151 149 148 149 150 154 157 158 159 159 156 151 148 146 144 143 143 144 144 144 144 144 146 148 150 153 156 155 154 154 154 154 154 154 153 153 154 154 154 153 153 153 154 154 154 155 155 156 157 156 156 155 155 155 155 154 154 154 154 155 155 154 154 153 152 151 149 148 147 146 145 145 144 143 142 141 140 141 142 143 146 148 149 147 145 144 142 141 141 141
151 150 150 151 151 149 149 150 152 154 157 158 158 157 154 150 147 145 144 143 143 143 143 143 144 144 146 148 150 154 156 156 154 154 154 154 154 154 154 153 153 154 153 153 153 153 153 154 154 155 155 156 156 156 155 155 155 155 155 154 154 154 154 155 155 154 154 153 152 151 149 148 147 146 146 145 144 142 141 140 139 140 141 142 145 147 148 146 143 142 140 139 139 139
149 148 147 147 149 150 151 152 153 155 157 157 156 155 152 148 146 144 143 143 143 144 144 144 144 144 146 148 151 154 157 156 154 154 154 154 154 154 154 154 154 154 153 153 153 153 153 154 154 154 155 156 156 156 155 155 155 155 154 154 154 154 154 155 155 154 153 152 151 150 149 148 148 147 146 145 144 143 142 141 141 141 142 144 146 149 149 146 144 142 140 138 138 138
149 146 142 144 147 150 151 153 155 157 157 157 155 153 150 147 146 145 144 143 144 144 144 144 144 145 147 149 152 155 157 157 155 155 154 155 155 155 154 154 154 154 154 154 154 154 154 154 154 155 155 156 156 156 156 155 155 155 155 154 154 154 155 155 155 154 153 152 150 149 149 148 148 147 147 146 146 145 144 144 144 145 146 148 150 153 153 150 148 145 142 140 140 140
153 147 141 142 146 150 152 154 157 158 157 156 154 152 149 147 146 145 145 144 145 145 145 145 145 146 148 150 153 156 158 158 156 155 155 155 155 155 155 155 155 154 154 154 154 154 154 154 154 155 155 156 156 156 156 155 155 155 155 154 154 154 155 155 154 153 152 151 150 149 148 148 148 148 148 147 147 146 146 146 147 148 149 151 154 156 156 153 151 148 145 142 141 141
154 149 144 144 147 149 152 155 157 158 157 155 153 150 148 147 147 146 146 146 146 146 146 146 146 147 149 151 154 157 159 158 157 156 156 156 156 156 155 155 155 155 155 154 154 154 154 154 155 155 155 156 156 156 156 155 155 155 155 154 154 154 155 155 154 153 152 151 149 148 148 148 148 148 148 148 147 147 147 148 149 150 151 153 156 158 158 155 153 150 146 143 142 143
150 148 145 145 147 149 151 154 157 156 155 154 152 149 148 148 148 148 148 147 147 148 147 147 147 148 150 152 155 158 160 159 157 157 156 157 156 156 156 155 155 155 155 155 154 154 154 154 154 155 155 156 156 156 156 155 155 155 155 155 154 154 155 155 154 153 152 150 149 148 148 148 148 148 148 148 148 148 148 149 150 151 153 154 157 159 159 157 154 152 148 144 144 144
148 146 143 143 146 148 150 153 155 153 152 151 150 149 149 149 150 150 149 149 149 149 149 148 148 149 151 154 156 159 161 160 158 157 157 157 157 156 156 156 155 155 155 155 155 154 154 154 154 155 155 156 156 156 155 155 155 155 155 155 154 154 155 155 154 153 152 150 149 148 148 148 148 148 148 148 148 148 148 149 150 152 153 155 157 159 159 157 155 152 148 145 145 145
