WindNinja_Processing/data/slink/vel.asc
ncols	112
nrows	173
xllcorner	274595.496186
yllcorner	4267255.676178
cellsize	41.650000
NODATA_value	-32768.000000
[rows 136 to 169 of 173, columns 0 to 76 of 112]
68.57 72.09 78.80 83.52 85.25 84.85 83.26 80.97 78.06 74.72 71.22 67.44 63.19 59.31 57.47 57.71 58.27 59.40 62.69 65.69 64.92 62.93 61.43 60.29 59.18 57.49 55.60 54.13 52.84 51.67 50.56 49.68 49.22 49.09 49.49 49.70 48.29 45.40 44.07 45.27 48.02 50.98 53.57 55.29 56.11 56.83 57.15 57.21 56.36 55.11 53.52 51.66 49.99 49.14 49.01 49.05 49.12 49.25 49.71 50.58 51.50 52.19 52.74 53.17 53.36 53.26 52.93 52.38 51.74 51.72 52.63 54.14 55.53 56.67 57.71 59.47 62.61
73.40 77.63 83.93 85.29 83.03 81.09 79.03 76.25 72.92 69.42 65.91 62.28 58.46 55.25 54.07 55.11 57.01 58.71 61.33 63.78 62.52 60.20 58.68 57.76 57.12 56.07 54.63 53.46 52.35 50.97 49.51 48.43 47.94 47.88 48.55 49.40 48.55 46.40 45.47 46.78 49.52 52.60 54.73 55.87 56.18 56.41 56.43 56.21 55.41 54.07 52.46 50.69 49.20 48.59 48.54 48.69 48.82 48.98 49.47 50.38 51.34 52.06 52.63 53.02 53.18 53.06 52.73 52.24 51.69 51.80 52.87 54.47 55.86 56.87 57.73 59.38 62.56
85.77 88.08 86.82 79.44 74.20 72.72 70.91 68.25 65.33 62.46 59.71 57.02 54.25 52.09 51.41 52.73 55.11 57.98 60.64 62.11 60.76 58.65 57.59 57.24 57.30 56.95 55.92 54.67 53.33 51.59 49.84 48.61 48.13 48.20 49.10 50.35 50.06 48.22 47.13 47.94 50.13 52.80 54.25 54.86 54.86 54.71 54.59 54.32 53.79 52.70 51.39 49.97 48.83 48.47 48.46 48.60 48.74 48.89 49.37 50.26 51.21 51.91 52.42 52.76 52.88 52.74 52.43 51.96 51.43 51.53 52.50 53.91 55.00 55.68 56.21 57.73 61.03
96.62 89.56 76.52 65.55 64.84 65.52 63.70 61.03 58.36 56.21 54.40 52.58 50.49 49.02 48.90 50.25 52.88 56.23 60.12 61.44 60.22 58.36 57.60 57.71 58.18 58.02 56.99 55.55 53.97 51.67 49.31 48.17 47.95 48.29 49.51 51.14 51.19 49.44 48.23 48.64 50.34 52.61 53.72 53.82 53.49 53.01 52.74 52.47 52.24 51.39 50.37 49.26 48.40 48.21 48.31 48.38 48.53 48.67 49.13 50.00 50.94 51.60 52.07 52.38 52.47 52.33 52.00 51.50 50.91 50.87 51.62 52.71 53.49 53.83 54.12 55.67 59.29
94.71 77.99 58.33 58.31 60.64 60.36 57.86 54.84 52.14 50.37 48.97 47.53 46.06 45.27 46.19 48.06 50.55 54.30 58.86 61.20 60.12 58.39 57.86 58.20 58.79 58.61 57.36 55.62 53.34 50.57 48.06 47.11 47.16 47.80 49.34 51.31 51.60 49.99 48.77 48.98 50.51 52.48 53.42 53.12 52.45 51.57 51.15 50.82 50.73 50.15 49.33 48.43 47.73 47.68 47.88 47.94 48.06 48.21 48.67 49.54 50.45 51.09 51.55 51.84 51.94 51.80 51.45 50.88 50.15 49.88 50.30 51.02 51.44 51.52 51.76 53.54 57.73
83.36 74.64 64.65 63.27 60.29 55.70 52.08 48.62 45.85 44.16 42.87 41.58 40.34 39.96 41.94 45.23 48.35 52.06 57.22 60.62 59.98 58.65 58.38 58.85 59.44 58.96 57.09 54.49 51.78 48.68 46.07 45.37 45.78 46.78 48.69 51.02 51.58 50.11 48.96 49.09 50.52 52.31 53.12 52.35 51.34 50.16 49.42 49.04 48.98 48.71 48.04 47.26 46.72 46.79 47.10 47.25 47.30 47.48 47.92 48.76 49.65 50.27 50.71 51.02 51.16 51.06 50.70 50.03 49.07 48.35 48.11 48.14 48.03 47.85 48.21 50.65 55.85
78.91 78.24 75.60 68.39 58.51 51.64 47.47 43.90 41.07 39.43 38.30 37.28 36.50 36.73 39.39 43.90 47.85 51.66 56.70 60.46 60.03 58.79 58.70 59.40 59.91 58.73 55.96 52.92 49.94 46.74 44.25 43.85 44.61 45.93 48.15 50.83 51.68 50.32 49.23 49.31 50.72 52.28 52.94 51.83 50.49 49.08 48.09 47.67 47.68 47.67 47.11 46.46 46.01 46.18 46.57 46.77 46.78 46.84 47.23 48.03 48.90 49.52 49.99 50.36 50.58 50.52 50.14 49.37 48.12 46.89 46.01 45.49 45.14 45.08 46.11 49.51 55.75
86.20 85.10 77.62 64.15 54.19 49.15 45.60 42.47 40.08 38.75 38.17 37.87 37.99 39.15 42.40 47.04 51.07 54.60 58.84 62.00 61.24 59.73 59.33 59.56 59.53 57.76 54.61 51.55 48.73 45.84 43.72 43.59 44.59 46.09 48.49 51.37 52.35 51.11 50.05 49.96 51.26 52.68 53.06 51.94 50.51 49.03 47.80 47.41 47.47 47.69 47.38 46.83 46.45 46.63 46.97 47.08 46.96 46.74 47.03 47.79 48.67 49.35 49.92 50.40 50.68 50.65 50.24 49.35 47.95 46.62 45.74 45.53 45.68 46.54 48.81 53.56 60.19
92.99 83.79 67.05 53.43 49.47 47.48 44.60 42.07 40.30 39.56 39.48 40.00 41.07 43.07 46.70 51.25 55.20 58.20 61.51 63.67 62.43 60.53 59.65 59.33 58.73 56.53 53.30 50.34 47.76 45.19 43.58 43.55 44.71 46.36 48.92 51.96 53.09 51.92 50.90 50.84 51.92 53.16 53.29 52.29 50.78 49.30 47.91 47.50 47.59 47.84 47.90 47.44 47.12 47.24 47.45 47.41 47.14 46.79 46.83 47.56 48.50 49.28 49.94 50.53 50.91 50.92 50.50 49.62 48.29 47.19 46.80 47.23 48.26 50.22 53.91 59.43 65.91
84.83 66.75 46.61 46.90 47.73 45.91 43.34 41.20 39.79 39.55 40.16 41.24 43.02 45.66 49.62 54.13 58.02 60.67 63.39 64.56 62.89 60.71 59.48 58.71 57.67 55.26 51.96 49.04 46.54 44.33 43.00 42.96 44.25 46.13 48.92 52.19 53.53 52.54 51.60 51.56 52.51 53.62 53.40 52.45 50.85 49.25 47.85 47.21 47.31 47.60 47.86 47.62 47.31 47.36 47.43 47.24 46.83 46.36 46.29 46.93 47.89 48.75 49.54 50.26 50.76 50.88 50.58 49.83 48.68 47.96 48.04 49.11 50.85 53.87 58.60 64.58 70.87
70.95 60.60 49.64 50.24 48.43 44.17 41.64 39.65 38.69 39.14 40.42 42.01 44.39 47.66 51.91 56.35 60.03 62.62 64.80 65.22 63.10 60.61 59.02 57.88 56.48 53.80 50.42 47.50 45.19 43.06 41.82 41.95 43.34 45.50 48.63 52.25 53.88 53.10 52.33 52.44 53.34 54.12 53.49 52.24 50.59 48.88 47.36 46.51 46.66 47.00 47.31 47.41 47.12 47.05 46.95 46.59 46.00 45.38 45.22 45.84 46.75 47.63 48.57 49.49 50.19 50.52 50.44 49.91 49.10 48.87 49.62 51.52 54.21 58.29 63.84 70.11 75.90
65.21 62.08 57.48 53.78 47.88 42.81 40.25 38.47 38.02 39.09 40.87 42.94 45.72 49.54 54.07 58.37 61.79 64.34 65.93 65.74 63.27 60.46 58.52 56.93 55.00 52.06 48.76 45.90 43.59 41.50 40.42 40.78 42.32 44.72 48.23 52.28 54.29 53.74 53.13 53.36 54.25 54.57 53.29 51.59 50.03 48.18 46.62 45.79 45.89 46.29 46.64 46.88 46.70 46.47 46.17 45.63 44.88 44.11 43.88 44.50 45.47 46.43 47.48 48.67 49.69 50.31 50.46 50.19 49.71 49.99 51.55 54.35 58.24 63.25 69.50 75.62 80.48
63.13 61.52 57.89 52.91 47.31 43.30 41.13 40.01 40.05 41.33 43.20 45.38 48.37 52.54 57.00 60.84 63.72 65.80 66.78 65.86 62.94 59.90 57.65 55.64 53.30 50.21 46.97 44.30 42.18 40.34 39.53 40.09 41.85 44.39 48.18 52.56 54.80 54.32 53.66 53.74 54.36 54.24 52.29 50.34 49.16 47.51 46.26 45.69 45.66 46.11 46.39 46.54 46.58 46.23 45.85 45.26 44.49 43.74 43.55 44.28 45.39 46.56 47.97 49.53 50.73 51.48 51.70 51.46 51.00 51.48 53.43 56.88 61.29 66.80 73.20 78.67 82.63
64.48 63.09 58.64 52.77 48.56 46.18 44.77 44.16 44.43 45.67 47.38 49.41 52.48 56.61 60.62 63.64 65.60 66.77 67.09 65.31 61.97 58.66 56.11 53.79 51.15 48.05 45.11 42.78 41.04 39.61 39.17 39.98 41.87 44.47 48.41 52.98 55.27 54.54 53.55 53.31 53.49 52.87 50.65 48.84 48.03 47.16 46.49 46.32 46.40 46.48 46.64 46.62 46.55 46.48 46.16 45.70 45.09 44.50 44.49 45.43 46.78 48.29 50.14 52.16 53.51 53.98 53.95 53.45 52.75 53.02 54.86 58.34 62.66 68.09 74.14 79.00 82.26
65.36 62.14 56.16 51.80 50.20 49.47 48.87 48.70 49.14 50.34 51.87 53.76 56.73 60.60 63.98 65.97 66.87 67.02 66.40 64.11 60.39 56.89 54.15 51.53 48.71 45.76 43.15 41.19 39.80 38.72 38.57 39.57 41.57 44.23 48.31 53.01 55.20 54.18 52.82 52.23 52.07 51.24 48.98 47.38 46.94 46.88 46.78 46.98 47.10 46.92 46.78 46.58 46.37 46.38 46.39 46.05 45.61 45.21 45.43 46.62 48.27 50.12 52.42 54.83 56.18 56.41 55.92 55.05 54.04 54.04 55.70 59.21 63.40 68.60 74.44 78.82 81.55
60.88 56.28 50.93 50.99 52.08 52.54 52.74 53.07 53.81 54.99 56.32 57.94 60.70 64.19 66.74 67.56 67.29 66.33 64.63 61.73 57.84 54.34 51.46 48.74 45.92 43.14 40.89 39.28 38.16 37.35 37.38 38.55 40.66 43.36 47.60 52.40 54.48 53.11 51.43 50.63 50.26 49.44 47.31 46.01 45.85 46.40 46.90 47.36 47.46 47.13 46.54 46.15 45.80 45.73 45.88 45.87 45.57 45.36 45.79 47.28 49.26 51.44 54.18 56.87 58.15 57.99 57.15 55.82 54.50 54.36 56.11 59.88 64.10 69.34 75.02 79.04 81.29
58.06 55.44 52.77 53.79 55.26 56.31 57.37 58.37 59.39 60.48 61.69 63.16 65.59 68.24 69.44 68.70 66.94 64.64 61.77 58.13 54.01 50.35 47.31 44.43 41.64 39.28 37.59 36.46 35.79 35.23 35.39 36.68 38.84 41.60 45.95 50.88 52.83 51.04 48.97 47.94 47.56 46.89 45.21 44.29 44.47 45.40 46.70 47.38 47.40 46.88 46.10 45.22 44.65 44.42 44.44 44.54 44.55 44.51 45.27 47.20 49.64 52.28 55.43 58.39 59.40 58.72 57.45 55.71 53.93 53.82 56.09 60.35 64.93 70.32 75.86 79.42 81.00
58.58 58.06 57.41 57.55 58.32 59.64 61.22 62.45 63.40 64.39 65.54 66.84 68.73 70.31 69.96 67.70 64.75 61.53 57.95 54.01 50.01 46.52 43.53 40.74 38.25 36.42 35.32 34.69 34.30 34.01 34.39 35.62 37.75 40.44 44.78 49.72 51.53 49.51 47.18 46.05 45.81 45.68 44.70 44.01 44.47 45.55 47.00 48.02 47.79 47.05 46.07 44.84 43.85 43.40 43.31 43.36 43.60 44.06 45.24 47.67 50.59 53.57 57.03 60.09 60.71 59.50 57.80 55.77 53.76 53.70 56.61 61.39 66.31 71.71 76.87 79.68 80.49
60.94 60.88 59.99 58.81 59.04 60.24 61.46 62.36 62.84 63.52 64.34 65.12 66.22 66.98 65.70 62.94 60.00 57.05 53.93 50.66 47.52 44.81 42.48 40.41 38.67 37.57 37.07 36.74 36.53 36.30 36.44 37.49 39.41 42.22 46.33 50.91 52.64 50.95 48.87 48.04 48.29 48.94 48.47 47.70 47.52 48.25 49.26 49.99 49.93 48.93 47.76 46.29 44.81 44.14 44.10 44.32 44.80 45.72 47.57 50.39 53.51 56.51 59.92 62.81 63.16 61.63 59.84 57.87 55.94 55.85 59.00 63.77 68.48 73.41 77.75 79.75 79.95
62.38 60.62 57.88 56.84 57.80 59.00 59.62 59.82 60.01 60.16 60.49 60.82 61.35 61.62 60.13 57.49 55.02 52.81 50.50 48.14 46.05 44.34 42.93 41.75 40.87 40.48 40.38 40.31 40.23 39.82 39.86 40.72 42.53 45.32 49.03 52.91 54.28 53.09 51.63 51.41 52.42 53.69 53.62 52.76 52.19 51.97 52.20 52.34 52.06 51.38 50.07 48.43 46.84 46.09 46.00 46.44 47.24 48.54 50.66 53.51 56.45 59.35 62.66 65.47 65.93 64.34 62.61 60.77 59.03 59.02 62.01 66.47 70.72 74.97 78.46 79.80 79.73
58.52 55.11 52.01 53.94 56.27 57.38 57.59 57.32 57.07 57.11 57.10 57.11 57.35 57.19 55.70 53.23 51.09 49.31 47.57 45.91 44.66 43.82 43.23 42.84 42.68 42.81 43.09 43.26 43.09 42.75 42.77 43.45 45.33 47.87 51.23 54.25 55.64 54.67 53.53 53.58 54.85 56.54 57.27 56.63 55.88 55.31 54.83 54.15 53.45 52.74 51.82 50.18 48.60 48.00 48.16 48.69 49.58 51.08 53.36 56.14 58.92 61.60 64.68 67.32 67.81 66.59 64.86 63.12 61.48 61.46 64.39 68.65 72.59 76.32 79.19 80.06 79.96
55.86 53.70 51.87 53.39 54.76 55.15 54.98 54.29 53.70 53.69 53.59 53.47 53.60 53.30 51.62 49.25 47.39 45.95 44.66 43.61 43.19 43.22 43.45 43.80 44.30 44.94 45.58 45.93 45.82 45.54 45.50 45.96 47.78 49.97 52.59 55.29 56.92 56.18 55.29 55.52 57.08 58.97 59.49 59.16 58.85 58.13 57.29 56.01 54.46 53.41 52.55 51.35 49.91 49.60 50.16 51.11 52.37 54.05 56.26 58.77 61.20 63.59 66.44 68.89 69.21 68.09 66.71 65.07 63.47 63.45 66.38 70.60 74.33 77.69 80.10 80.69 80.68
55.68 54.77 53.45 53.09 52.92 52.67 52.19 51.12 50.13 49.99 50.22 50.03 50.02 49.65 48.18 46.07 44.31 43.08 42.18 41.71 42.10 42.95 43.93 44.97 46.05 47.08 48.01 48.45 48.51 48.28 48.05 48.43 49.91 51.68 53.34 56.24 58.63 58.35 57.78 58.27 60.06 62.04 61.80 60.89 60.51 60.39 59.42 57.81 55.68 53.80 52.66 51.65 50.86 51.00 52.12 53.59 55.28 57.30 59.58 61.81 63.81 65.76 68.15 70.22 70.35 69.02 67.94 66.55 65.03 65.09 68.10 72.33 75.96 79.05 80.99 81.54 81.71
55.07 54.20 52.73 52.07 51.83 51.45 50.74 49.50 48.40 48.28 48.62 48.62 48.49 48.16 46.97 45.20 43.77 42.84 42.26 42.37 43.36 44.68 46.02 47.30 48.47 49.57 50.51 50.77 50.79 50.44 49.91 50.14 51.41 52.68 54.07 57.76 60.62 60.72 60.38 61.04 62.91 64.89 64.45 62.71 61.59 61.12 60.64 59.19 56.95 54.76 53.09 52.10 51.91 52.81 54.47 56.26 58.19 60.29 62.45 64.32 65.95 67.61 69.77 71.66 71.11 69.59 68.44 67.66 66.28 66.41 69.51 73.69 77.14 79.90 81.40 81.87 82.12
53.64 52.76 51.77 52.05 52.38 52.13 51.45 50.29 49.36 49.37 49.72 49.73 49.62 49.41 48.54 47.23 46.19 45.60 45.59 46.18 47.37 48.67 49.82 50.78 51.58 52.28 52.76 52.67 52.36 51.62 50.84 51.14 52.44 53.25 55.13 59.80 62.79 62.96 62.48 62.87 64.51 66.20 66.43 64.54 62.88 61.63 60.83 59.92 58.32 56.50 54.89 53.69 53.72 54.83 56.65 58.54 60.53 62.67 64.59 66.12 67.44 68.88 70.91 72.68 72.00 69.87 68.66 68.01 67.27 67.48 70.54 74.54 77.63 79.83 80.87 81.06 81.17
52.69 52.41 52.45 53.12 53.35 53.14 52.63 51.64 50.85 50.97 51.38 51.47 51.49 51.47 50.93 50.01 49.36 49.22 49.63 50.50 51.68 52.76 53.58 54.15 54.49 54.72 54.75 54.37 53.72 52.66 51.72 52.29 53.76 54.29 56.99 61.91 64.11 64.37 63.79 63.98 65.42 66.92 66.94 66.05 64.44 62.86 61.29 60.25 59.50 58.52 57.38 56.43 56.11 57.23 58.94 60.61 62.30 64.09 65.83 67.36 68.79 70.05 71.91 73.63 72.89 70.48 68.82 68.13 67.74 68.23 71.10 74.79 77.42 79.02 79.58 79.46 79.39
54.03 54.34 54.45 53.96 53.67 53.51 53.12 52.29 51.66 51.93 52.52 52.79 52.95 53.11 52.92 52.40 52.11 52.39 53.11 54.19 55.30 56.16 56.73 56.99 57.01 56.97 56.64 56.04 55.26 54.10 53.13 53.97 55.59 56.18 59.63 63.45 66.11 66.46 65.89 66.08 67.55 69.14 68.01 66.63 66.14 64.83 63.08 61.36 60.60 60.31 60.10 59.53 59.42 60.40 61.82 63.15 64.46 65.94 67.33 68.46 69.53 70.85 72.92 74.62 73.82 71.30 69.21 68.25 67.68 68.49 71.07 74.30 76.48 77.65 77.80 77.43 77.22
54.14 54.09 53.50 52.85 53.03 53.36 53.24 52.60 52.09 52.53 53.31 53.74 54.06 54.46 54.64 54.65 54.88 55.65 56.71 57.92 58.84 59.38 59.65 59.62 59.38 59.12 58.51 57.78 56.93 55.84 55.14 56.44 58.11 59.46 63.58 66.69 70.40 70.54 69.62 69.48 70.64 71.79 71.08 68.77 67.72 67.44 66.11 64.44 63.13 62.85 63.09 63.60 63.85 64.92 66.31 67.55 68.58 69.57 70.31 70.62 71.11 71.93 73.54 75.17 74.83 72.17 69.83 68.27 67.46 67.96 70.24 73.12 74.90 75.60 75.30 74.66 74.43
52.90 51.90 50.56 51.04 52.62 53.61 53.73 53.23 52.91 53.43 54.18 54.67 55.19 55.99 56.65 57.10 57.77 58.84 60.10 61.25 61.84 62.07 62.09 61.83 61.41 60.99 60.32 59.58 58.75 57.75 57.40 59.22 60.97 63.21 67.00 70.87 73.69 73.01 71.45 70.79 71.42 72.28 72.54 71.12 69.31 68.39 68.03 67.00 65.94 65.30 65.31 65.97 67.22 68.85 70.33 71.50 72.39 73.07 73.27 72.93 72.55 72.50 73.56 74.87 74.77 72.56 70.14 68.26 67.07 67.35 69.30 71.80 73.18 73.42 72.72 71.99 71.79
48.27 46.85 47.39 51.58 54.67 55.73 55.78 55.32 55.03 55.55 56.25 56.55 57.12 58.28 59.34 59.99 60.68 61.51 62.45 63.20 63.45 63.49 63.42 63.14 62.76 62.33 61.72 61.11 60.40 59.54 59.44 61.30 62.59 64.64 67.84 71.63 73.18 71.60 69.74 69.08 69.95 71.15 70.47 69.90 68.32 66.86 66.43 66.24 65.57 65.21 65.13 65.66 67.01 68.75 70.52 71.93 72.77 73.09 72.89 72.29 71.73 71.52 72.20 73.25 73.04 71.80 69.77 68.15 66.62 66.83 68.71 70.99 72.14 72.10 71.23 70.48 70.27
46.97 47.02 51.38 56.84 58.44 58.70 58.84 58.52 58.08 58.31 58.81 59.01 59.79 61.17 62.32 62.83 63.23 63.65 64.16 64.49 64.46 64.39 64.32 64.13 63.83 63.52 63.09 62.60 62.11 61.49 61.46 62.92 63.23 64.38 66.76 70.29 71.11 68.87 66.54 65.91 67.22 68.77 67.39 66.77 66.08 64.57 63.67 63.63 63.73 63.72 63.86 64.27 65.44 67.23 68.91 70.15 70.96 71.40 71.11 70.54 70.09 70.00 70.66 71.53 71.08 70.21 69.37 68.12 66.72 66.67 68.56 70.79 71.79 71.53 70.54 69.76 69.49
55.43 58.55 63.08 62.77 61.56 61.46 61.88 61.86 61.58 61.42 61.33 61.17 62.12 64.10 65.59 65.81 65.65 65.59 65.83 66.07 65.85 65.51 65.30 65.20 65.44 65.68 65.34 64.75 64.31 64.12 64.63 65.65 64.20 63.59 64.94 69.15 70.39 67.78 64.97 64.18 65.36 67.23 66.31 65.26 65.47 63.96 62.15 61.74 62.36 63.16 63.73 64.38 65.36 66.83 68.50 69.67 70.26 70.25 70.02 69.81 69.63 69.60 69.91 70.08 68.92 68.63 69.49 69.23 67.93 67.24 68.87 71.06 71.94 71.35 69.87 68.77 68.30
58.59 61.54 64.45 63.72 63.60 64.37 65.03 65.59 66.62 67.08 64.43 61.26 63.02 67.74 70.54 70.34 68.31 66.81 67.42 68.60 68.28 66.51 65.22 65.96 68.10 69.93 69.89 67.57 65.53 66.81 71.35 74.21 67.01 58.65 60.53 70.20 72.88 69.36 64.91 62.76 64.04 65.43 65.60 66.02 68.01 66.15 62.11 60.13 60.95 63.78 66.14 66.71 66.63 67.85 70.53 72.47 72.34 70.78 69.38 69.41 71.03 71.94 71.15 68.62 64.38 64.22 70.50 74.65 72.06 67.96 68.56 72.41 74.29 72.36 68.86 66.47 65.86
57.82 59.09 61.29 63.30 65.54 67.07 67.94 69.13 71.11 70.11 65.89 63.66 68.77 74.62 75.61 72.95 69.09 68.22 70.47 71.82 69.97 66.89 66.44 69.19 72.15 73.58 71.64 67.91 67.22 71.88 78.61 78.00 70.27 60.93 65.09 78.50 77.31 70.27 63.87 62.66 65.06 65.08 66.90 68.89 67.72 63.42 59.75 58.92 61.68 66.39 68.77 68.49 68.15 70.37 74.41 75.24 72.76 70.66 69.83 71.18 74.36 75.16 72.81 68.80 63.80 65.87 77.17 79.10 71.92 67.24 69.46 75.45 75.37 70.09 65.87 63.96 64.51
