WindNinja_Processing/data/slink/vel.asc
ncols	112
nrows	173
xllcorner	274595.496186
yllcorner	4267255.676178
cellsize	41.650000
NODATA_value	-32768.000000
[rows 34 to 67 of 173, columns 0 to 76 of 112]
62.54 68.40 74.76 73.84 73.50 73.82 72.08 68.21 62.19 55.35 51.49 49.80 48.21 47.69 49.29 52.28 55.25 57.97 60.85 63.36 65.04 66.31 67.60 68.80 69.71 69.88 68.95 67.36 65.33 62.66 60.38 59.75 59.76 59.56 59.30 58.94 58.63 58.39 58.12 57.81 57.49 57.18 56.96 56.78 56.58 56.32 56.00 55.65 55.34 55.08 54.85 54.57 54.43 54.56 54.80 54.89 54.83 54.62 54.44 54.42 54.39 54.18 53.76 53.27 53.03 53.18 53.59 54.29 55.46 57.11 58.88 60.18 60.83 61.04 60.96 60.78 60.42
60.89 63.07 66.14 67.49 69.80 70.66 68.42 63.73 57.55 51.49 48.24 46.96 46.36 46.62 48.95 52.55 55.95 58.92 61.74 64.22 65.73 66.84 68.01 69.29 70.26 70.24 69.03 67.13 64.83 61.95 59.58 59.03 59.16 59.02 58.77 58.40 58.04 57.74 57.42 57.06 56.69 56.34 56.11 55.92 55.70 55.44 55.14 54.83 54.58 54.38 54.18 53.93 53.76 53.85 54.02 54.07 53.99 53.81 53.72 53.82 53.92 53.85 53.59 53.33 53.45 53.99 54.79 55.86 57.26 58.85 60.22 60.92 61.02 60.68 60.00 59.17 58.16
60.85 61.80 63.87 65.77 67.05 66.95 64.63 59.72 54.00 49.02 46.39 45.62 46.01 47.14 50.22 54.29 57.91 60.95 63.65 65.62 66.83 67.70 68.74 69.92 71.10 70.96 69.50 67.36 64.88 61.86 59.43 58.93 59.11 58.96 58.65 58.20 57.75 57.38 57.02 56.62 56.24 55.90 55.66 55.48 55.28 55.02 54.74 54.48 54.27 54.09 53.90 53.64 53.44 53.47 53.62 53.67 53.61 53.50 53.51 53.71 53.88 53.88 53.70 53.59 53.91 54.68 55.67 56.84 58.23 59.56 60.45 60.67 60.41 59.70 58.63 57.43 56.11
57.16 58.14 61.83 64.89 64.53 63.15 60.86 56.54 51.79 48.09 46.22 46.12 47.33 49.98 53.74 57.94 61.40 64.14 66.40 67.91 68.48 69.12 70.01 71.08 72.17 72.22 70.57 68.27 65.68 62.60 60.13 59.60 59.71 59.46 58.97 58.38 57.82 57.40 57.02 56.65 56.30 55.99 55.78 55.61 55.41 55.17 54.90 54.65 54.45 54.26 54.05 53.76 53.51 53.53 53.69 53.80 53.82 53.81 53.89 54.12 54.28 54.25 54.05 53.94 54.26 54.98 55.84 56.84 57.98 58.97 59.51 59.52 59.15 58.35 57.23 56.08 54.94
54.35 57.25 64.09 66.28 62.86 59.90 57.56 53.92 50.10 47.62 46.62 47.32 49.41 53.14 57.97 62.14 65.28 67.57 69.31 70.35 70.53 70.69 71.39 72.33 73.30 73.40 71.66 69.20 66.48 63.34 60.83 60.24 60.24 59.87 59.23 58.49 57.86 57.43 57.08 56.75 56.42 56.13 55.94 55.77 55.57 55.33 55.08 54.83 54.63 54.44 54.21 53.89 53.65 53.69 53.90 54.07 54.16 54.21 54.34 54.55 54.66 54.59 54.35 54.17 54.41 55.01 55.71 56.50 57.41 58.15 58.45 58.31 57.86 57.06 56.01 55.03 54.21
59.55 63.55 68.82 66.85 60.80 56.96 54.61 51.42 48.39 47.17 47.46 48.92 51.99 56.58 61.79 66.29 69.15 70.99 72.27 72.88 72.77 72.57 72.85 73.60 74.38 74.25 72.58 69.91 67.02 63.75 61.14 60.46 60.35 59.87 59.14 58.29 57.64 57.25 56.95 56.63 56.33 56.07 55.86 55.68 55.46 55.22 54.96 54.73 54.54 54.36 54.15 53.86 53.65 53.74 54.00 54.23 54.38 54.48 54.62 54.80 54.87 54.75 54.46 54.25 54.43 54.98 55.59 56.25 57.02 57.59 57.67 57.33 56.78 55.94 54.92 54.13 53.58
62.04 64.43 66.09 62.44 57.08 53.50 50.96 48.06 45.90 46.45 48.72 51.88 56.20 61.78 67.09 71.01 73.65 75.14 75.88 76.04 75.65 75.17 74.95 75.34 75.81 75.31 73.56 70.61 67.47 63.98 61.20 60.38 60.15 59.54 58.71 57.78 57.16 56.83 56.59 56.34 56.08 55.81 55.57 55.35 55.10 54.83 54.56 54.34 54.19 54.06 53.89 53.65 53.51 53.68 54.05 54.36 54.58 54.73 54.85 54.97 54.97 54.79 54.45 54.19 54.38 54.92 55.50 56.11 56.76 57.15 56.96 56.40 55.69 54.78 53.83 53.25 53.01
60.39 60.42 59.77 57.55 53.93 50.62 48.09 45.78 44.82 47.24 51.44 56.25 61.86 67.71 72.10 74.98 76.75 78.05 78.52 78.32 77.70 77.01 76.53 76.37 76.48 75.60 73.62 70.71 67.43 63.86 61.01 60.14 59.84 59.17 58.31 57.36 56.79 56.55 56.39 56.17 55.92 55.62 55.34 55.06 54.77 54.48 54.22 54.05 53.94 53.86 53.73 53.53 53.45 53.71 54.15 54.51 54.77 54.90 54.96 54.98 54.88 54.64 54.24 53.98 54.18 54.72 55.29 55.83 56.34 56.50 56.03 55.27 54.47 53.57 52.76 52.45 52.54
54.23 54.05 55.69 56.91 54.28 50.71 48.71 47.90 48.30 51.73 56.38 61.13 66.30 71.11 73.97 75.33 76.36 77.26 77.84 77.55 76.88 76.13 75.56 75.23 75.07 74.04 72.08 69.53 66.51 63.22 60.66 59.96 59.76 59.19 58.44 57.60 57.08 56.90 56.73 56.49 56.18 55.81 55.47 55.17 54.91 54.65 54.45 54.33 54.25 54.16 54.03 53.84 53.76 53.99 54.37 54.66 54.83 54.84 54.77 54.67 54.52 54.24 53.82 53.55 53.71 54.20 54.64 55.03 55.36 55.31 54.68 53.91 53.21 52.50 51.96 51.95 52.28
49.95 52.17 58.82 60.65 56.89 53.22 51.57 51.72 53.77 57.36 61.52 65.39 69.31 72.64 74.03 74.02 74.46 75.05 75.61 75.49 74.81 74.07 73.49 73.16 72.88 71.91 70.12 68.05 65.41 62.52 60.34 59.90 59.88 59.48 58.90 58.20 57.71 57.53 57.31 57.01 56.62 56.17 55.81 55.56 55.33 55.13 54.99 54.90 54.81 54.68 54.51 54.28 54.14 54.29 54.55 54.70 54.72 54.58 54.38 54.20 54.01 53.69 53.25 52.93 53.02 53.36 53.63 53.84 53.98 53.79 53.16 52.47 51.97 51.52 51.29 51.52 52.00
56.94 61.20 66.50 64.08 59.11 55.98 54.82 55.32 57.80 61.69 65.72 68.91 71.90 74.22 74.66 73.85 73.49 73.73 74.07 74.10 73.38 72.59 71.99 71.68 71.30 70.39 68.72 67.01 64.64 62.05 60.16 59.92 60.07 59.84 59.40 58.79 58.33 58.06 57.79 57.42 56.96 56.48 56.14 55.92 55.72 55.56 55.44 55.35 55.22 55.04 54.81 54.51 54.31 54.37 54.53 54.58 54.49 54.24 53.94 53.71 53.47 53.09 52.59 52.17 52.12 52.27 52.38 52.42 52.41 52.16 51.58 51.00 50.66 50.45 50.45 50.87 51.49
61.20 64.20 66.08 62.56 60.23 59.13 58.64 59.15 61.72 65.47 69.19 72.26 74.54 76.06 75.84 74.50 73.47 73.34 73.39 73.41 72.56 71.64 70.95 70.58 70.18 69.18 67.60 66.12 64.00 61.65 60.01 60.01 60.39 60.37 60.07 59.54 59.05 58.65 58.24 57.77 57.26 56.77 56.46 56.30 56.16 56.03 55.92 55.78 55.56 55.26 54.91 54.53 54.25 54.23 54.31 54.28 54.11 53.79 53.43 53.16 52.87 52.43 51.82 51.25 50.98 50.90 50.78 50.63 50.50 50.23 49.76 49.36 49.18 49.18 49.39 49.97 50.69
60.48 61.28 61.67 60.64 61.37 62.64 63.05 64.15 66.29 69.56 72.57 74.95 77.03 77.93 77.24 75.58 74.16 73.53 73.25 72.92 72.12 71.00 70.11 69.65 69.25 68.16 66.67 65.28 63.47 61.29 59.88 60.17 60.84 61.06 60.92 60.44 59.85 59.27 58.64 58.05 57.46 56.97 56.74 56.69 56.63 56.55 56.42 56.17 55.79 55.32 54.84 54.35 54.00 53.92 53.93 53.83 53.59 53.22 52.83 52.54 52.22 51.72 50.99 50.20 49.62 49.21 48.79 48.44 48.23 48.03 47.76 47.59 47.59 47.79 48.19 48.91 49.74
60.36 60.62 61.03 61.26 62.77 64.68 66.24 67.83 69.95 72.29 74.50 76.26 77.78 78.63 77.67 75.87 74.31 73.26 72.70 72.15 71.46 70.29 69.43 69.05 68.82 67.78 66.39 65.07 63.50 61.44 60.16 60.60 61.37 61.60 61.41 60.77 59.96 59.20 58.43 57.78 57.21 56.81 56.70 56.72 56.70 56.62 56.42 56.04 55.53 55.00 54.48 53.99 53.66 53.60 53.57 53.44 53.16 52.76 52.35 52.02 51.66 51.06 50.17 49.13 48.25 47.59 47.03 46.61 46.47 46.50 46.51 46.53 46.69 47.03 47.56 48.35 49.22
58.27 58.71 60.51 62.33 63.60 65.16 67.17 68.91 70.92 72.83 74.34 75.78 76.99 77.75 76.87 75.04 73.40 72.11 71.47 70.89 70.45 69.63 69.09 69.06 69.22 68.29 66.93 65.61 64.27 62.25 60.96 61.27 61.77 61.68 61.09 60.04 58.96 58.09 57.36 56.79 56.37 56.14 56.12 56.16 56.10 55.94 55.64 55.19 54.71 54.27 53.89 53.55 53.38 53.38 53.37 53.22 52.93 52.51 52.07 51.68 51.21 50.47 49.38 48.13 47.12 46.45 45.96 45.70 45.83 46.17 46.40 46.56 46.81 47.23 47.79 48.57 49.39
58.27 58.71 60.51 62.33 63.60 65.16 67.17 68.91 70.92 72.83 74.34 75.78 76.99 77.75 76.87 75.04 73.40 72.11 71.47 70.89 70.45 69.63 69.09 69.06 69.22 68.29 66.93 65.61 64.27 62.25 60.96 61.27 61.77 61.68 61.09 60.04 58.96 58.09 57.36 56.79 56.37 56.14 56.12 56.16 56.10 55.94 55.64 55.19 54.71 54.27 53.89 53.55 53.38 53.38 53.37 53.22 52.93 52.51 52.07 51.68 51.21 50.47 49.38 48.13 47.12 46.45 45.96 45.70 45.83 46.17 46.40 46.56 46.81 47.23 47.79 48.57 49.39
57.02 58.91 62.93 64.90 64.78 65.72 67.80 69.93 71.87 73.42 74.40 75.41 76.41 76.95 76.24 74.42 72.76 71.38 70.56 69.99 69.76 69.47 69.27 69.62 70.11 69.34 67.79 66.45 65.29 63.25 61.85 61.88 61.99 61.46 60.41 58.98 57.67 56.75 56.09 55.63 55.36 55.25 55.30 55.33 55.23 55.02 54.66 54.23 53.84 53.55 53.33 53.17 53.13 53.19 53.18 53.01 52.70 52.26 51.77 51.30 50.71 49.83 48.57 47.17 46.10 45.46 45.07 45.00 45.37 45.95 46.33 46.55 46.88 47.32 47.89 48.65 49.38
61.13 64.11 68.10 67.76 66.60 67.65 69.94 72.71 74.73 75.91 76.37 76.63 77.12 77.30 76.66 74.77 73.03 71.54 70.51 69.99 69.88 70.04 70.12 70.69 71.37 70.64 68.86 67.47 66.33 64.37 62.80 62.47 62.13 61.15 59.71 57.97 56.49 55.54 54.93 54.53 54.35 54.33 54.43 54.47 54.38 54.17 53.82 53.44 53.17 53.02 52.92 52.87 52.91 52.98 52.93 52.71 52.36 51.87 51.32 50.77 50.08 49.08 47.67 46.14 44.97 44.26 43.88 43.86 44.36 45.10 45.53 45.79 46.18 46.64 47.24 47.96 48.64
63.63 65.77 68.43 68.61 69.30 71.63 74.71 77.89 80.23 80.85 80.51 79.78 79.42 78.97 78.16 76.17 74.22 72.52 71.25 70.75 70.86 71.56 71.92 72.71 73.48 72.72 70.68 69.19 67.97 66.12 64.27 63.38 62.37 60.77 58.82 56.73 55.09 54.15 53.60 53.27 53.18 53.24 53.38 53.45 53.38 53.19 52.89 52.62 52.53 52.56 52.63 52.71 52.80 52.81 52.64 52.32 51.88 51.30 50.69 50.06 49.28 48.17 46.63 44.93 43.56 42.65 42.11 42.02 42.58 43.41 43.89 44.18 44.57 45.04 45.64 46.32 46.96
63.68 64.75 67.00 69.55 72.95 76.54 80.19 83.24 85.07 84.89 83.61 82.15 80.93 80.01 78.99 77.17 75.14 73.35 71.92 71.62 72.07 73.02 73.84 74.75 75.43 74.49 72.13 70.49 69.16 67.40 65.28 63.81 62.15 60.04 57.71 55.39 53.73 52.85 52.40 52.17 52.17 52.30 52.48 52.58 52.54 52.38 52.16 52.04 52.13 52.33 52.52 52.67 52.74 52.63 52.32 51.88 51.35 50.72 50.07 49.40 48.54 47.35 45.70 43.83 42.23 41.10 40.38 40.22 40.85 41.84 42.45 42.77 43.16 43.66 44.26 44.94 45.55
63.63 64.23 67.00 72.11 76.81 79.89 82.60 84.28 84.37 82.82 81.22 79.77 78.78 78.12 77.42 75.96 74.24 72.74 71.66 71.77 72.48 73.51 74.40 75.14 75.49 74.12 71.47 69.60 68.13 66.34 64.08 62.40 60.63 58.58 56.41 54.36 52.96 52.28 51.97 51.83 51.89 52.10 52.34 52.46 52.44 52.33 52.17 52.12 52.27 52.47 52.62 52.68 52.61 52.36 51.96 51.50 50.98 50.39 49.77 49.10 48.20 46.96 45.24 43.32 41.70 40.59 39.95 39.93 40.79 42.20 43.04 43.42 43.86 44.39 45.07 45.79 46.40
58.53 60.09 67.15 76.33 80.62 81.44 82.22 81.99 79.88 77.70 76.30 75.47 75.37 75.38 75.29 74.24 73.07 72.08 71.50 71.87 72.65 73.52 74.20 74.60 74.52 72.71 69.72 67.57 65.95 64.08 61.79 60.19 58.64 56.93 55.19 53.60 52.57 52.13 51.98 51.97 52.11 52.38 52.66 52.82 52.83 52.75 52.61 52.56 52.65 52.75 52.76 52.65 52.41 52.06 51.65 51.24 50.78 50.27 49.71 49.04 48.11 46.84 45.12 43.29 41.84 40.95 40.58 40.86 42.16 43.99 45.03 45.49 45.96 46.56 47.33 48.10 48.74
54.81 60.09 74.08 83.71 84.06 82.13 81.60 79.94 76.80 74.69 73.72 73.62 74.11 74.68 75.02 74.31 73.48 72.83 72.54 72.99 73.69 74.28 74.71 74.68 74.16 71.97 68.58 66.13 64.32 62.35 60.04 58.52 57.13 55.66 54.21 52.92 52.14 51.89 51.89 52.01 52.27 52.60 52.93 53.10 53.13 53.05 52.92 52.85 52.88 52.89 52.79 52.56 52.23 51.83 51.42 51.04 50.64 50.19 49.65 48.96 47.99 46.72 45.06 43.38 42.13 41.48 41.40 41.98 43.73 45.85 47.00 47.47 47.93 48.56 49.37 50.15 50.77
63.15 70.72 83.23 88.77 85.59 82.34 81.15 78.57 75.42 73.95 73.83 74.64 75.69 76.67 77.23 76.78 76.24 75.80 75.63 76.00 76.44 76.70 76.74 76.14 75.06 72.35 68.57 65.69 63.53 61.35 58.90 57.34 55.99 54.63 53.35 52.25 51.62 51.52 51.66 51.93 52.32 52.75 53.07 53.26 53.30 53.23 53.09 52.98 52.94 52.87 52.69 52.39 52.00 51.60 51.23 50.89 50.53 50.10 49.56 48.83 47.82 46.56 44.98 43.48 42.46 42.10 42.32 43.30 45.36 47.70 48.85 49.20 49.57 50.15 50.95 51.70 52.22
70.18 76.22 84.45 86.96 84.85 82.01 80.38 77.27 74.70 74.42 75.76 77.49 79.25 80.61 81.25 81.07 80.75 80.53 80.45 80.56 80.66 80.41 79.92 78.70 76.80 73.53 69.35 66.03 63.45 60.95 58.25 56.51 55.07 53.70 52.48 51.47 51.00 51.06 51.38 51.80 52.33 52.87 53.22 53.39 53.45 53.38 53.20 53.03 52.92 52.75 52.49 52.13 51.73 51.38 51.07 50.79 50.48 50.07 49.50 48.68 47.61 46.32 44.82 43.55 42.84 42.86 43.47 44.94 47.30 49.72 50.69 50.80 50.98 51.45 52.19 52.87 53.27
72.39 76.33 82.20 84.01 82.38 79.77 78.29 75.01 73.31 74.33 76.28 78.22 79.86 80.80 80.71 80.39 80.23 80.21 80.19 80.29 80.20 79.83 79.20 77.63 75.34 71.87 67.78 64.57 62.02 59.60 57.00 55.27 53.86 52.58 51.47 50.62 50.32 50.57 51.07 51.64 52.29 52.92 53.31 53.45 53.48 53.40 53.19 52.96 52.77 52.56 52.26 51.90 51.54 51.24 50.99 50.75 50.45 50.02 49.37 48.49 47.39 46.14 44.78 43.73 43.29 43.62 44.54 46.35 48.88 51.21 51.90 51.79 51.88 52.34 53.13 53.83 54.17
75.62 78.89 82.89 82.48 78.45 75.80 74.27 71.28 70.57 71.76 73.27 74.31 74.21 73.28 71.98 71.14 70.92 71.09 71.68 72.03 72.25 72.35 71.66 70.50 68.60 65.62 62.30 60.02 58.18 56.37 54.40 53.06 51.97 51.02 50.25 49.74 49.71 50.15 50.77 51.44 52.16 52.84 53.23 53.34 53.32 53.21 52.96 52.70 52.52 52.34 52.10 51.80 51.51 51.27 51.01 50.71 50.35 49.83 49.12 48.24 47.22 46.12 44.95 44.12 43.80 44.14 45.11 46.90 49.36 51.50 52.00 51.88 52.13 52.83 53.91 54.82 55.22
78.35 80.20 81.79 80.05 74.76 72.06 69.94 66.92 66.63 67.57 68.22 67.53 66.02 63.91 61.99 60.94 61.02 61.67 62.45 63.16 63.82 63.88 63.68 63.08 61.83 59.54 57.05 55.48 54.31 53.03 51.63 50.71 49.98 49.40 49.02 48.86 49.11 49.74 50.49 51.25 52.03 52.75 53.12 53.20 53.12 52.96 52.68 52.43 52.29 52.17 51.99 51.78 51.55 51.31 51.01 50.63 50.19 49.60 48.85 48.00 47.07 46.10 45.12 44.42 44.14 44.43 45.38 47.09 49.46 51.50 51.95 51.92 52.39 53.39 54.83 55.97 56.47
77.95 79.14 80.33 78.48 71.96 68.79 65.57 62.33 61.94 62.40 62.18 60.86 58.73 56.25 54.59 54.24 54.75 55.69 56.83 57.77 58.30 58.73 58.85 58.68 57.82 55.85 53.85 52.50 51.59 50.43 49.32 48.67 48.24 47.99 47.92 48.05 48.53 49.35 50.24 51.10 51.97 52.73 53.10 53.14 53.02 52.80 52.51 52.26 52.15 52.08 51.96 51.77 51.56 51.30 50.95 50.53 50.01 49.36 48.59 47.75 46.86 45.97 45.09 44.51 44.30 44.65 45.70 47.43 49.81 51.86 52.33 52.38 53.00 54.26 56.00 57.34 57.93
76.30 78.23 80.32 77.72 68.98 64.92 60.42 56.84 55.86 55.53 55.04 53.44 51.02 48.98 48.00 48.32 49.41 50.82 52.06 53.26 54.35 55.29 56.00 56.32 55.69 53.81 52.01 50.59 49.57 48.24 47.19 46.72 46.57 46.64 46.88 47.30 48.03 49.05 50.10 51.09 52.04 52.84 53.18 53.16 52.99 52.70 52.39 52.16 52.11 52.10 52.01 51.85 51.64 51.34 50.91 50.40 49.81 49.11 48.29 47.44 46.58 45.74 44.94 44.47 44.38 44.89 46.14 48.02 50.48 52.55 53.04 53.16 53.93 55.44 57.46 59.01 59.74
75.38 77.70 79.81 76.07 66.14 61.08 55.78 52.09 50.17 49.58 49.12 47.51 45.64 43.93 43.62 44.75 46.13 47.60 49.27 50.99 52.50 53.75 54.66 55.02 54.12 52.03 50.11 48.59 47.39 46.01 45.07 44.83 44.97 45.35 45.89 46.59 47.57 48.78 50.00 51.11 52.14 52.94 53.22 53.13 52.91 52.58 52.25 52.06 52.06 52.09 52.04 51.90 51.64 51.27 50.76 50.18 49.51 48.75 47.90 47.05 46.19 45.39 44.66 44.29 44.36 45.07 46.57 48.61 51.16 53.21 53.70 53.89 54.82 56.58 58.93 60.74 61.63
74.30 76.29 78.03 74.62 65.04 59.90 54.55 50.79 48.77 48.24 47.82 46.41 44.85 43.66 44.03 45.47 47.14 48.77 50.58 52.37 53.55 53.99 53.88 52.99 50.91 48.27 46.27 45.10 44.12 43.22 42.81 42.97 43.47 44.14 44.94 45.87 47.05 48.41 49.71 50.86 51.90 52.68 52.90 52.80 52.59 52.28 51.96 51.81 51.86 51.90 51.84 51.65 51.33 50.88 50.32 49.67 48.98 48.20 47.36 46.53 45.71 44.95 44.29 44.00 44.14 44.91 46.51 48.60 51.14 53.11 53.59 53.93 55.11 57.25 60.02 62.08 62.98
71.05 73.46 76.77 74.97 65.87 61.00 56.01 52.40 50.85 50.28 49.83 48.49 47.25 46.49 47.22 48.85 50.43 51.87 53.48 54.84 54.99 54.02 52.29 49.84 46.49 43.25 41.43 40.76 40.24 40.13 40.42 41.14 42.04 43.00 44.04 45.17 46.49 47.93 49.26 50.41 51.43 52.17 52.37 52.28 52.12 51.86 51.57 51.48 51.53 51.55 51.42 51.15 50.75 50.23 49.63 48.98 48.29 47.52 46.72 45.93 45.16 44.45 43.84 43.57 43.68 44.41 45.95 47.96 50.42 52.33 52.89 53.49 55.02 57.61 60.84 63.07 63.85
67.88 72.07 78.15 76.59 67.27 62.36 58.03 54.45 53.35 52.73 52.10 50.70 49.56 49.08 49.88 51.40 52.69 53.82 55.04 55.72 54.75 52.46 49.59 46.03 41.94 38.63 37.03 36.43 36.53 37.08 38.02 39.30 40.63 41.91 43.20 44.54 46.00 47.51 48.85 49.99 50.99 51.72 51.93 51.86 51.73 51.52 51.25 51.16 51.20 51.17 50.97 50.63 50.15 49.58 48.94 48.26 47.55 46.78 45.99 45.22 44.49 43.81 43.22 42.94 42.98 43.67 45.13 47.07 49.49 51.47 52.25 53.18 55.10 58.16 61.78 63.99 64.57
