WindNinja_Processing/data/slink/vel.asc
ncols	112
nrows	173
xllcorner	274595.496186
yllcorner	4267255.676178
cellsize	41.650000
NODATA_value	-32768.000000
[rows 102 to 135 of 173, columns 0 to 76 of 112]
61.63 60.52 60.11 61.62 62.19 62.08 62.20 62.75 63.27 62.55 62.16 63.27 64.44 65.56 67.12 69.37 70.39 70.93 72.58 74.76 74.95 74.83 76.96 78.15 78.70 80.13 82.17 83.92 85.31 86.37 86.90 87.34 87.51 87.46 87.51 86.67 82.25 75.94 70.38 65.67 61.51 59.68 59.60 60.36 61.14 61.91 62.46 63.13 64.06 64.96 65.69 66.29 66.70 66.92 66.99 67.03 67.08 67.22 67.81 68.95 69.81 69.94 69.24 68.14 67.33 66.96 66.97 67.18 67.80 68.15 67.90 67.79 68.02 68.34 68.19 66.98 65.16
63.93 65.64 68.20 68.15 66.29 65.10 65.04 65.33 65.65 66.52 66.42 66.35 67.15 68.99 70.54 70.20 71.01 72.16 73.19 75.12 77.64 78.16 80.00 82.75 83.80 84.83 85.89 87.03 87.91 88.59 89.12 88.96 88.50 87.78 86.86 84.77 79.52 73.56 68.80 64.42 60.63 59.09 59.36 60.44 61.49 62.44 63.30 64.04 64.98 65.87 66.58 67.12 67.46 67.60 67.63 67.62 67.62 67.71 68.21 69.19 69.86 69.80 68.95 67.80 67.17 66.95 67.10 67.47 68.28 69.08 69.43 69.89 70.54 71.00 70.42 68.63 66.28
74.22 75.80 74.48 67.54 63.54 63.32 64.11 64.87 64.76 64.78 64.44 64.51 65.02 66.38 68.07 67.74 67.66 69.47 71.87 74.28 76.87 77.58 78.27 80.23 80.38 80.52 80.92 81.57 82.08 82.45 82.52 82.05 81.34 80.43 79.27 76.82 71.68 66.74 63.34 60.25 57.75 57.17 58.06 59.54 60.85 61.97 62.93 63.86 64.81 65.70 66.39 66.88 67.14 67.23 67.22 67.18 67.18 67.26 67.74 68.65 69.23 69.09 68.20 67.07 66.66 66.58 66.85 67.34 68.23 69.26 69.73 70.13 70.56 70.62 69.65 67.39 65.05
80.94 74.58 64.52 58.28 58.22 59.22 59.51 60.51 61.08 60.50 60.09 60.23 60.94 62.15 63.50 63.99 63.94 65.79 69.99 73.17 74.36 74.49 73.44 73.78 72.32 71.35 71.37 71.74 72.01 72.15 71.71 71.13 70.48 69.72 68.83 66.82 62.66 58.90 56.74 55.11 54.04 54.52 56.15 58.09 59.69 60.98 62.02 63.07 64.10 65.01 65.68 66.11 66.32 66.37 66.35 66.31 66.30 66.39 66.86 67.75 68.30 68.14 67.24 66.15 65.95 66.05 66.43 67.01 67.89 68.92 69.20 69.19 69.12 68.61 67.31 65.09 63.23
75.37 59.62 44.37 49.28 55.54 58.26 58.81 58.85 58.90 58.53 58.30 58.56 59.35 60.52 61.71 62.78 62.96 64.26 68.49 72.83 72.32 71.61 68.94 67.94 65.15 63.37 63.20 63.45 63.57 63.38 62.59 61.93 61.35 60.79 60.31 58.93 55.83 52.95 51.50 50.85 50.77 51.98 54.26 56.70 58.61 60.08 61.24 62.37 63.54 64.49 65.16 65.56 65.72 65.74 65.71 65.67 65.67 65.76 66.21 67.03 67.49 67.27 66.35 65.31 65.27 65.68 66.25 66.96 67.83 68.82 68.92 68.64 68.25 67.42 66.02 64.29 62.99
65.55 57.47 50.90 55.76 57.55 57.61 58.91 60.12 59.79 59.47 59.30 59.57 60.40 61.67 62.68 63.89 64.71 65.84 69.00 72.68 71.21 68.98 64.63 62.23 58.30 55.94 55.75 55.98 56.04 55.43 54.44 53.72 53.21 52.88 52.88 52.42 50.22 48.04 47.06 47.14 47.81 49.61 52.50 55.40 57.65 59.35 60.65 61.87 63.10 64.19 64.86 65.24 65.36 65.38 65.35 65.30 65.29 65.35 65.74 66.41 66.73 66.41 65.43 64.45 64.66 65.53 66.42 67.37 68.35 69.19 69.10 68.58 67.98 67.04 65.79 64.86 64.37
64.39 63.37 63.25 64.15 61.97 59.37 59.41 61.07 62.25 62.12 62.01 62.38 63.37 64.87 65.69 66.75 68.26 69.47 71.69 72.75 70.25 65.75 59.81 55.91 51.03 48.53 48.54 48.97 49.07 48.05 46.80 46.00 45.60 45.60 46.33 47.06 45.97 44.42 43.70 44.28 45.49 47.70 51.11 54.41 56.94 58.85 60.28 61.57 62.84 63.97 64.72 65.07 65.16 65.14 65.10 65.04 65.01 65.03 65.30 65.78 65.89 65.42 64.39 63.55 64.15 65.63 66.97 68.24 69.32 69.89 69.49 68.69 67.90 66.94 66.10 66.21 66.99
65.96 67.10 68.47 66.44 62.91 61.52 61.23 61.56 62.74 63.26 63.89 64.22 65.03 66.06 66.84 67.62 68.82 70.10 71.43 70.40 66.40 60.63 54.57 50.29 45.63 43.57 44.11 44.86 45.00 43.83 42.31 41.47 41.36 41.87 43.54 45.73 46.07 45.14 44.53 45.08 46.11 48.05 51.32 54.66 57.19 59.04 60.35 61.51 62.69 63.74 64.49 64.76 64.75 64.67 64.59 64.51 64.44 64.40 64.54 64.85 64.82 64.31 63.35 62.73 63.69 65.68 67.28 68.65 69.58 69.65 68.90 67.95 67.19 66.45 66.19 67.24 69.08
74.18 74.90 72.54 66.31 61.50 61.07 61.83 62.05 61.50 61.09 61.45 62.38 63.76 64.44 64.72 64.75 64.65 65.06 65.74 64.20 59.38 54.63 49.89 46.74 44.00 42.74 43.53 44.45 44.69 43.82 42.19 41.56 41.97 43.14 45.70 49.16 50.94 50.49 50.15 50.08 50.17 51.05 53.47 56.30 58.45 59.88 60.77 61.56 62.50 63.39 63.98 64.14 63.97 63.79 63.65 63.51 63.39 63.29 63.36 63.63 63.64 63.22 62.44 62.02 63.12 65.22 66.73 67.84 68.32 67.81 66.80 66.01 65.58 65.31 65.62 67.09 69.24
80.32 74.26 64.70 59.84 59.37 60.02 60.46 61.02 60.94 59.74 58.97 58.84 59.92 61.02 60.70 59.63 58.97 59.00 59.84 58.59 53.43 49.79 46.34 44.38 43.54 43.19 43.95 44.86 45.08 44.53 43.11 42.94 44.04 46.01 49.61 54.36 56.64 56.26 55.77 55.35 54.56 54.45 56.08 58.09 59.70 60.62 61.04 61.49 62.20 62.92 63.34 63.39 63.07 62.81 62.62 62.44 62.27 62.12 62.16 62.41 62.45 62.12 61.47 61.16 62.26 64.25 65.70 66.49 66.58 65.80 64.66 64.15 64.11 64.27 64.95 66.54 68.72
75.33 62.40 49.16 53.51 58.65 59.87 59.44 59.07 58.78 58.24 57.95 57.34 57.34 57.54 56.80 55.41 54.66 54.82 55.64 54.61 49.18 46.30 43.58 42.23 42.63 42.90 43.78 44.27 44.45 43.90 43.14 43.57 45.47 48.28 52.85 58.62 61.39 60.28 59.32 59.04 57.78 57.05 58.08 59.52 60.43 60.89 60.93 61.13 61.71 62.32 62.63 62.60 62.20 61.89 61.67 61.45 61.22 61.03 61.02 61.20 61.19 60.85 60.21 59.90 60.99 62.95 64.46 65.11 65.03 64.23 63.28 62.98 63.27 63.77 64.69 66.40 68.56
66.75 59.97 53.65 56.77 59.34 59.58 59.02 57.78 56.43 55.61 55.32 55.45 55.52 54.75 53.29 51.37 50.02 49.83 50.69 49.72 44.90 42.76 40.78 39.88 41.04 41.89 42.67 42.80 42.72 42.20 42.07 43.49 46.43 50.23 55.81 62.52 65.59 63.63 61.89 61.45 60.10 58.90 59.42 60.34 60.62 60.61 60.32 60.34 60.87 61.47 61.73 61.64 61.24 60.88 60.63 60.36 60.09 59.82 59.71 59.75 59.60 59.16 58.42 58.06 59.14 61.10 62.75 63.35 63.26 62.61 62.10 62.13 62.86 63.74 64.96 66.83 69.07
65.37 64.28 63.13 62.06 60.17 58.67 58.07 57.20 55.46 53.91 52.91 52.80 52.91 52.43 50.21 47.41 45.35 44.65 45.81 46.18 42.80 41.16 39.67 38.96 40.12 41.45 41.95 41.80 41.23 40.76 41.07 43.46 47.59 52.44 58.97 66.34 69.44 66.77 63.88 62.99 61.83 60.25 60.33 60.81 60.67 60.17 59.63 59.57 60.13 60.75 60.98 60.84 60.39 59.97 59.69 59.39 59.07 58.73 58.49 58.37 58.09 57.55 56.75 56.37 57.44 59.41 61.08 61.87 61.85 61.49 61.46 61.94 62.83 63.97 65.32 67.25 69.50
65.98 66.56 66.66 64.20 60.55 58.62 57.56 56.53 55.37 53.79 52.49 51.55 51.30 50.49 48.28 45.69 44.01 43.91 46.20 48.42 45.97 43.73 43.26 42.16 42.04 43.15 43.97 43.71 43.03 42.14 42.72 45.61 50.12 55.24 62.05 69.58 72.88 69.54 65.71 64.25 63.17 61.49 61.31 61.54 61.18 60.33 59.70 59.61 60.16 60.71 60.84 60.55 60.05 59.54 59.24 58.94 58.62 58.25 57.96 57.81 57.55 57.08 56.41 56.16 57.29 59.25 60.88 61.77 61.84 61.68 61.84 62.37 62.99 63.85 64.86 66.44 68.46
71.60 71.96 69.58 64.38 60.51 58.83 57.65 56.33 55.08 54.19 52.99 51.84 50.80 49.86 48.20 46.63 45.84 46.12 49.05 52.48 52.71 49.22 48.32 47.74 46.30 46.08 46.85 47.40 46.97 46.25 46.43 49.27 53.63 58.54 65.11 72.33 75.24 72.03 67.73 65.48 64.09 62.77 62.45 62.54 62.05 61.11 60.26 60.14 60.61 61.01 60.96 60.48 59.85 59.35 59.07 58.82 58.53 58.18 57.91 57.82 57.67 57.37 56.92 56.87 58.09 60.00 61.56 62.47 62.54 62.37 62.43 62.71 62.94 63.11 63.55 64.62 66.24
76.12 71.94 64.76 60.61 59.56 59.07 57.47 55.79 54.36 53.63 53.29 52.23 50.88 49.63 48.76 48.31 48.14 48.95 52.96 57.78 57.32 55.26 52.59 51.98 50.94 49.72 49.43 49.94 50.55 50.18 50.50 53.18 57.15 61.66 67.84 74.67 77.08 74.31 69.84 66.92 65.21 64.14 63.66 63.57 62.89 61.80 60.65 60.42 60.73 60.95 60.72 60.07 59.36 58.96 58.77 58.61 58.39 58.10 57.86 57.82 57.74 57.54 57.24 57.32 58.56 60.41 61.87 62.73 62.73 62.47 62.38 62.43 62.34 61.97 61.88 62.50 63.77
72.85 64.86 56.29 57.83 59.67 59.18 57.27 55.12 53.26 52.53 52.40 52.31 51.06 49.82 49.71 50.69 51.33 53.06 58.36 62.58 62.42 59.73 57.95 55.38 54.74 53.85 52.93 52.35 52.66 53.21 53.97 56.50 60.20 64.47 70.52 77.25 78.81 75.89 72.08 69.04 66.74 65.64 65.21 64.78 63.79 62.42 60.98 60.37 60.43 60.41 59.98 59.20 58.47 58.24 58.26 58.29 58.21 57.97 57.77 57.72 57.64 57.46 57.21 57.35 58.57 60.32 61.65 62.36 62.32 61.94 61.71 61.58 61.24 60.54 59.87 60.11 61.03
68.05 64.29 60.79 61.87 61.53 59.34 56.91 54.35 52.19 51.09 51.15 51.41 51.26 50.57 51.35 54.27 56.18 59.87 64.34 68.44 68.35 64.69 62.53 60.31 57.66 57.15 56.80 55.88 55.09 55.13 56.33 58.99 62.71 66.81 72.83 79.61 81.17 77.41 74.48 71.55 68.78 67.50 67.13 66.23 64.76 62.96 61.14 60.01 59.73 59.41 58.74 57.83 57.16 57.19 57.64 57.95 58.06 57.92 57.69 57.56 57.40 57.18 56.93 57.08 58.25 59.87 61.05 61.60 61.49 60.96 60.57 60.26 59.69 58.69 57.59 57.20 57.71
68.86 69.55 69.63 66.21 61.17 57.77 55.54 52.97 50.85 49.71 49.81 50.55 51.35 51.72 53.21 57.57 60.47 65.35 68.86 71.27 69.16 66.92 63.31 62.07 59.83 58.23 58.28 58.43 57.74 57.14 57.73 60.21 63.68 67.92 74.25 81.60 83.60 78.94 76.13 73.48 70.21 68.36 67.66 66.68 64.98 62.95 60.93 59.50 58.93 58.45 57.72 56.86 56.41 56.79 57.59 58.05 58.19 57.95 57.54 57.26 57.01 56.77 56.53 56.69 57.82 59.31 60.33 60.68 60.45 59.81 59.27 58.79 58.00 56.72 55.24 54.33 54.54
77.65 77.85 73.26 62.77 56.08 53.56 52.00 50.45 49.34 48.78 48.94 50.05 51.52 52.99 54.63 58.65 61.63 65.12 68.27 69.28 64.82 62.48 59.89 59.02 58.79 57.99 57.77 58.37 59.16 59.12 59.75 61.91 64.91 68.85 75.11 82.59 85.77 80.64 76.62 74.09 70.11 67.36 66.29 65.48 63.90 62.09 60.30 59.04 58.46 58.15 57.64 57.09 56.98 57.56 58.35 58.76 58.57 57.94 57.21 56.77 56.52 56.32 56.18 56.44 57.53 58.87 59.68 59.83 59.39 58.66 57.97 57.31 56.34 54.82 53.11 52.13 52.32
84.18 76.33 62.58 50.43 48.83 49.01 48.25 47.44 47.34 47.91 48.49 49.61 51.62 54.01 55.57 58.60 61.41 62.99 66.16 65.14 60.77 58.21 56.50 56.05 57.14 57.99 58.29 58.48 59.46 60.83 62.40 64.65 67.49 71.00 76.81 83.90 86.53 82.07 76.69 74.21 69.64 66.12 64.85 64.28 62.88 61.30 59.79 58.78 58.36 58.18 57.95 57.72 57.85 58.46 59.06 59.22 58.72 57.70 56.69 56.17 55.95 55.82 55.79 56.12 57.16 58.33 58.92 58.83 58.12 57.23 56.37 55.51 54.32 52.58 50.74 49.87 50.26
75.06 57.95 39.16 40.80 44.07 44.99 44.77 44.63 45.19 46.89 47.91 49.04 51.39 54.32 56.30 58.59 61.54 62.18 65.15 63.36 59.85 57.18 56.01 55.87 57.10 59.11 60.71 61.40 62.02 63.15 65.22 67.97 71.10 74.38 79.77 86.53 87.69 83.66 77.11 74.56 69.71 65.60 64.20 63.69 62.53 61.09 59.71 58.81 58.48 58.28 58.20 58.11 58.30 58.83 59.21 59.10 58.42 57.12 55.96 55.43 55.26 55.20 55.24 55.62 56.57 57.50 57.82 57.42 56.40 55.21 54.22 53.11 51.67 49.74 47.83 47.10 47.86
61.87 51.83 40.87 41.42 42.17 41.24 40.95 41.15 42.33 44.85 47.02 48.58 51.14 54.52 57.04 58.72 61.47 62.48 64.38 63.55 60.53 58.15 57.78 58.52 60.03 62.20 64.71 67.14 68.73 70.18 71.90 74.08 76.67 79.64 84.49 90.62 91.06 86.04 79.27 75.51 70.74 66.01 64.36 63.67 62.74 61.37 60.08 59.26 58.99 58.78 58.66 58.60 58.73 59.01 59.04 58.59 57.66 56.14 54.87 54.40 54.35 54.38 54.50 54.88 55.64 56.25 56.21 55.45 54.03 52.43 51.15 49.74 48.03 45.92 43.96 43.47 44.68
57.15 53.23 47.10 43.84 41.01 39.24 38.94 39.10 40.59 43.60 47.03 49.24 51.81 55.52 58.50 59.72 61.89 63.44 64.22 64.70 61.85 60.10 60.57 62.21 64.65 67.21 69.45 72.00 74.79 77.67 80.14 82.12 83.83 85.69 88.70 92.31 92.72 86.12 80.27 75.41 70.94 65.96 64.19 63.37 62.66 61.39 60.22 59.52 59.34 59.19 58.95 58.89 58.85 58.82 58.50 57.73 56.57 54.99 53.73 53.41 53.51 53.64 53.80 54.11 54.62 54.88 54.49 53.37 51.55 49.50 47.81 46.26 44.38 42.25 40.48 40.35 42.04
54.74 51.78 46.73 43.99 42.51 41.55 41.43 41.93 43.74 46.98 50.58 52.83 55.17 58.58 61.28 61.97 63.36 65.13 65.01 65.15 62.68 61.25 61.85 63.65 66.29 68.86 70.90 72.94 75.50 78.14 80.73 82.38 83.76 85.25 87.42 89.04 87.62 80.36 75.39 70.96 67.20 62.92 61.50 60.96 60.63 59.70 58.88 58.48 58.48 58.46 58.25 58.14 58.05 57.90 57.48 56.69 55.60 54.27 53.21 53.07 53.28 53.44 53.59 53.79 54.09 54.11 53.51 52.23 50.21 47.99 46.25 44.80 43.14 41.39 40.13 40.45 42.47
51.12 48.72 46.11 46.85 47.30 47.22 47.54 48.48 50.66 53.93 57.01 58.65 60.48 63.06 65.05 65.06 65.54 66.76 66.51 65.43 63.01 61.48 61.76 63.27 65.64 67.68 68.98 70.49 72.42 74.41 75.94 76.89 77.83 79.03 81.03 82.22 79.36 72.04 67.53 64.14 61.21 57.85 57.03 56.95 57.15 56.82 56.51 56.50 56.78 56.94 56.84 56.72 56.68 56.59 56.30 55.72 54.90 53.97 53.19 53.20 53.46 53.61 53.70 53.83 54.02 53.93 53.28 51.98 49.98 47.89 46.46 45.40 44.24 43.09 42.47 43.19 45.38
49.82 49.19 49.76 51.98 52.69 53.04 53.86 55.50 57.99 60.99 63.37 64.55 65.83 67.69 68.89 68.25 67.80 68.34 68.13 65.98 63.52 62.06 62.26 63.67 65.93 67.60 68.30 69.38 70.75 72.16 72.62 72.98 73.47 74.29 76.27 77.20 73.58 66.25 61.39 58.36 55.74 52.94 52.64 53.09 53.79 54.05 54.24 54.62 55.18 55.54 55.60 55.49 55.51 55.51 55.35 54.92 54.29 53.57 53.08 53.19 53.49 53.65 53.73 53.83 53.95 53.78 53.10 51.82 49.91 48.06 47.03 46.36 45.69 45.12 45.01 46.06 48.40
54.71 56.21 57.84 57.65 57.48 58.44 60.13 62.60 65.44 68.33 70.10 70.91 71.83 72.94 73.25 71.89 70.44 70.17 70.03 67.77 65.49 64.20 64.58 66.15 68.48 69.97 70.25 71.01 71.95 72.48 72.29 72.11 72.06 72.59 74.05 74.49 70.04 62.54 56.85 53.62 50.80 48.20 48.33 49.38 50.69 51.59 52.25 53.03 53.88 54.47 54.69 54.64 54.71 54.74 54.59 54.21 53.65 53.03 52.73 52.92 53.26 53.44 53.54 53.63 53.70 53.47 52.76 51.51 49.72 48.12 47.47 47.19 46.97 46.86 47.17 48.52 51.01
56.72 58.27 59.97 60.51 62.17 64.78 67.84 71.20 74.46 77.34 78.72 79.33 79.78 79.88 79.01 76.60 74.02 72.54 71.93 70.68 69.15 68.66 69.39 71.26 73.57 74.65 74.53 74.79 75.21 74.76 73.90 73.08 72.46 72.54 73.14 72.68 67.08 59.32 52.62 48.89 45.50 42.86 43.50 45.37 47.44 49.09 50.35 51.58 52.76 53.62 54.06 54.18 54.20 54.17 53.95 53.52 52.94 52.34 52.13 52.43 52.84 53.06 53.18 53.29 53.31 52.99 52.24 51.01 49.33 48.02 47.84 48.03 48.30 48.66 49.38 50.99 53.70
56.08 56.57 58.34 61.71 66.41 70.75 74.76 78.43 81.63 84.08 84.83 84.85 84.42 83.33 81.21 78.10 74.92 72.71 72.18 72.28 72.20 72.36 73.35 74.87 76.50 76.61 76.09 75.96 75.71 74.59 73.30 72.08 71.44 71.12 71.10 69.63 63.23 55.87 48.78 45.05 41.56 39.25 40.68 43.37 46.02 48.22 49.81 51.24 52.53 53.46 53.95 54.03 53.81 53.61 53.26 52.77 52.21 51.66 51.53 51.91 52.44 52.76 52.94 53.05 53.02 52.66 51.91 50.74 49.23 48.24 48.49 49.04 49.70 50.40 51.36 53.11 56.08
54.09 54.53 57.78 63.81 69.65 73.82 77.19 80.01 82.24 83.74 84.19 83.05 80.99 78.08 75.31 73.05 71.31 69.46 69.12 70.53 71.37 72.10 73.19 74.26 74.35 73.65 72.39 70.97 69.77 68.59 67.93 67.41 67.08 66.79 66.20 64.22 58.21 52.32 46.24 43.51 41.41 40.16 42.07 45.12 47.80 50.15 51.58 52.68 53.62 54.21 54.33 53.99 53.31 52.84 52.44 52.02 51.58 51.18 51.20 51.69 52.30 52.69 52.98 53.19 53.19 52.89 52.23 51.24 49.96 49.21 49.58 50.26 51.01 51.74 52.69 54.42 57.50
53.93 56.18 62.28 68.66 73.08 75.78 77.76 79.30 80.25 80.46 79.91 78.48 75.43 71.56 67.98 66.11 65.58 66.00 66.75 68.14 68.91 69.07 69.43 69.87 69.68 67.97 65.68 64.24 63.64 63.12 62.72 62.07 61.46 60.95 60.55 58.96 54.38 49.55 44.81 43.27 42.80 42.81 45.00 48.03 50.49 52.46 53.80 54.44 54.90 55.00 54.64 53.82 52.73 52.03 51.64 51.32 51.02 50.79 50.94 51.54 52.22 52.68 53.03 53.32 53.44 53.26 52.74 51.91 50.82 50.25 50.64 51.38 52.13 52.84 53.73 55.38 58.52
59.61 64.06 70.96 74.73 76.82 78.46 79.43 79.84 79.54 78.60 77.04 74.80 71.64 67.98 64.45 62.28 61.86 63.12 65.80 67.43 67.90 67.36 66.95 66.62 65.77 64.01 62.24 61.17 60.46 59.31 58.18 57.38 56.78 56.35 56.11 55.00 51.82 47.60 43.99 43.36 44.11 45.12 47.64 50.25 52.47 54.11 55.31 55.69 55.73 55.40 54.63 53.42 52.07 51.22 50.85 50.63 50.44 50.33 50.60 51.28 52.04 52.57 53.00 53.34 53.51 53.42 53.03 52.30 51.35 50.91 51.38 52.28 53.17 53.94 54.85 56.47 59.67
64.97 69.14 75.56 79.27 81.35 82.25 82.05 81.08 79.47 77.29 74.63 71.53 67.75 63.84 61.41 60.11 59.67 60.89 64.25 67.21 67.20 65.93 64.98 64.18 63.05 61.36 59.22 57.62 56.36 55.02 53.78 52.92 52.41 52.25 52.41 51.94 49.72 46.06 43.65 44.00 45.99 47.93 50.64 52.88 54.47 55.69 56.48 56.73 56.31 55.50 54.28 52.70 51.12 50.18 49.93 49.83 49.76 49.78 50.16 50.94 51.78 52.39 52.88 53.28 53.49 53.39 53.05 52.47 51.64 51.38 52.04 53.23 54.36 55.31 56.30 57.99 61.18
