WindNinja_Processing/data/slink/vel.asc
ncols	112
nrows	173
xllcorner	274595.496186
yllcorner	4267255.676178
cellsize	41.650000
NODATA_value	-32768.000000
[rows 0 to 33 of 173, columns 0 to 76 of 112]
59.31 59.68 61.32 64.06 66.21 64.33 59.33 60.31 64.37 66.18 63.78 56.69 56.00 57.84 57.88 58.06 57.37 56.11 56.62 58.05 59.13 58.86 57.76 58.52 60.31 61.72 62.92 62.62 61.82 62.70 64.66 65.82 64.48 61.98 61.66 62.68 62.84 62.83 61.65 60.06 59.57 59.73 59.53 58.68 57.60 57.33 57.53 57.44 57.18 56.21 54.72 52.94 50.42 47.24 48.18 52.37 51.58 48.06 45.03 41.30 42.09 47.54 45.50 39.47 34.20 27.83 27.16 36.60 32.17 22.26 12.64 12.46 48.65 52.25 51.33 56.84 61.62
59.31 59.68 61.32 64.06 66.21 64.33 59.33 60.31 64.37 66.18 63.78 56.69 56.00 57.84 57.88 58.06 57.37 56.11 56.62 58.05 59.13 58.86 57.76 58.52 60.31 61.72 62.92 62.62 61.82 62.70 64.66 65.82 64.48 61.98 61.66 62.68 62.84 62.83 61.65 60.06 59.57 59.73 59.53 58.68 57.60 57.33 57.53 57.44 57.18 56.21 54.72 52.94 50.42 47.24 48.18 52.37 51.58 48.06 45.03 41.30 42.09 47.54 45.50 39.47 34.20 27.83 27.16 36.60 32.17 22.26 12.64 12.46 48.65 52.25 51.33 56.84 61.62
59.31 59.68 61.32 64.06 66.21 64.33 59.33 60.31 64.37 66.18 63.78 56.69 56.00 57.84 57.88 58.06 57.37 56.11 56.62 58.05 59.13 58.86 57.76 58.52 60.31 61.72 62.92 62.62 61.82 62.70 64.66 65.82 64.48 61.98 61.66 62.68 62.84 62.83 61.65 60.06 59.57 59.73 59.53 58.68 57.60 57.33 57.53 57.44 57.18 56.21 54.72 52.94 50.42 47.24 48.18 52.37 51.58 48.06 45.03 41.30 42.09 47.54 45.50 39.47 34.20 27.83 27.16 36.60 32.17 22.26 12.64 12.46 48.65 52.25 51.33 56.84 61.62
58.43 58.09 58.35 59.64 58.26 53.98 54.66 59.95 62.98 60.13 55.32 55.18 58.90 59.93 57.94 56.61 55.52 55.65 57.23 58.36 58.21 57.39 57.81 59.82 61.18 61.37 60.91 59.97 60.49 62.69 63.93 62.81 60.53 60.53 62.71 63.31 62.01 60.51 58.94 58.54 59.33 59.45 58.58 57.53 57.22 57.72 57.80 57.25 56.43 55.33 54.37 53.32 51.74 51.46 53.90 54.18 49.95 47.07 46.80 47.76 50.67 50.45 44.46 39.80 38.48 39.07 42.02 41.25 33.09 25.76 28.53 38.57 45.62 49.43 52.08 62.19 68.95
53.09 52.53 54.40 57.42 56.88 55.45 57.21 60.14 60.74 58.51 56.80 58.15 59.77 59.09 57.54 56.59 56.36 57.02 58.09 58.62 58.48 58.52 59.41 60.54 61.07 60.90 60.34 60.23 61.11 62.23 62.30 61.07 60.30 61.12 62.06 61.71 60.40 59.10 58.45 58.57 58.84 58.59 57.95 57.54 57.65 57.83 57.62 57.01 56.22 55.53 54.94 54.06 53.47 54.07 54.60 53.17 50.79 49.53 50.04 51.60 52.01 49.60 45.76 43.51 44.03 45.90 46.04 42.75 37.75 36.71 42.30 46.37 46.70 51.15 62.60 71.43 75.22
49.75 51.18 57.08 60.88 60.26 59.20 59.20 59.87 60.26 59.95 59.39 58.91 58.29 57.48 57.06 57.09 57.36 57.95 58.67 59.13 59.39 59.66 60.00 60.44 60.81 60.95 60.96 61.01 61.17 61.40 61.34 60.92 60.55 60.32 60.05 59.60 59.07 58.72 58.48 58.20 58.00 57.84 57.69 57.61 57.53 57.41 57.21 56.90 56.52 56.05 55.40 54.58 54.11 54.27 54.53 54.25 53.46 52.57 52.11 51.97 51.49 50.35 48.56 46.95 46.52 46.75 46.62 45.57 44.00 44.04 46.31 48.57 51.71 60.17 73.24 79.78 79.30
55.97 59.38 64.26 64.06 61.34 59.98 60.01 60.39 60.67 60.36 59.72 58.99 57.90 56.72 56.35 56.83 57.66 58.52 59.15 59.48 59.70 59.99 60.37 60.76 61.04 61.10 61.05 60.97 60.97 61.05 60.94 60.51 60.02 59.60 59.11 58.59 58.29 58.18 57.98 57.71 57.58 57.50 57.43 57.37 57.28 57.15 57.06 56.96 56.75 56.35 55.80 55.09 54.62 54.82 55.20 55.10 54.65 54.01 53.35 52.87 52.31 51.37 50.09 48.95 48.75 49.25 49.52 49.20 49.10 50.01 52.31 54.81 58.30 66.90 80.01 85.48 82.47
58.86 61.13 63.07 61.89 60.65 60.34 60.51 60.82 60.92 60.38 59.49 58.47 57.07 55.74 55.59 56.57 57.71 58.54 59.07 59.41 59.79 60.34 60.87 61.22 61.31 61.13 60.89 60.72 60.69 60.69 60.43 59.88 59.34 58.88 58.40 57.93 57.61 57.44 57.29 57.22 57.22 57.16 57.04 56.97 56.96 57.01 57.08 57.07 56.87 56.53 56.12 55.58 55.25 55.47 55.83 55.85 55.55 54.93 54.28 53.79 53.30 52.63 51.69 51.03 51.56 52.61 53.38 54.07 55.09 56.58 59.22 61.92 65.56 74.15 86.21 89.75 84.62
57.03 56.92 57.08 58.22 59.64 60.40 60.72 61.02 60.82 60.03 59.03 57.95 56.47 55.22 55.33 56.45 57.58 58.42 59.05 59.61 60.28 60.99 61.41 61.48 61.32 60.97 60.63 60.47 60.37 60.22 59.85 59.31 58.81 58.38 57.88 57.32 56.93 56.81 56.85 56.92 56.92 56.82 56.72 56.75 56.92 57.11 57.21 57.18 57.01 56.79 56.54 56.12 55.82 56.01 56.39 56.47 56.21 55.62 55.00 54.62 54.30 53.80 53.25 53.17 54.06 55.42 56.78 58.24 59.51 61.06 64.21 67.22 71.23 80.14 90.50 91.36 84.14
51.38 50.97 53.33 57.68 59.90 60.25 60.28 60.46 60.25 59.42 58.43 57.38 56.02 55.00 55.28 56.54 57.81 58.77 59.59 60.41 61.13 61.59 61.66 61.48 61.15 60.75 60.40 60.22 60.05 59.86 59.56 59.12 58.65 58.21 57.64 57.04 56.72 56.74 56.87 56.96 56.96 56.90 56.90 57.06 57.30 57.45 57.51 57.50 57.41 57.28 57.07 56.62 56.26 56.40 56.77 56.87 56.63 56.04 55.47 55.20 55.01 54.68 54.35 54.37 55.22 56.64 58.04 59.27 60.07 61.44 64.92 68.25 72.34 81.12 90.63 89.48 80.26
48.03 49.65 56.53 61.09 60.92 59.94 59.63 59.59 59.41 58.63 57.63 56.54 55.28 54.51 55.13 56.68 58.11 59.24 60.25 61.13 61.67 61.85 61.79 61.50 61.04 60.56 60.14 59.90 59.74 59.63 59.43 59.03 58.57 58.12 57.56 57.03 56.80 56.88 57.05 57.17 57.21 57.24 57.34 57.55 57.73 57.84 57.94 58.01 57.97 57.80 57.51 56.97 56.56 56.68 57.02 57.08 56.80 56.21 55.72 55.56 55.44 55.23 54.97 55.02 55.86 57.25 58.34 59.05 59.48 60.65 64.01 67.50 71.39 79.75 88.90 86.83 76.68
55.40 59.16 64.56 63.82 60.74 59.21 58.85 58.70 58.51 57.61 56.48 55.40 54.45 54.08 55.01 56.74 58.34 59.61 60.71 61.59 62.02 62.10 61.90 61.43 60.82 60.22 59.79 59.55 59.44 59.38 59.21 58.84 58.40 57.96 57.45 56.98 56.78 56.91 57.13 57.29 57.40 57.50 57.65 57.84 58.01 58.18 58.34 58.42 58.34 58.10 57.73 57.16 56.73 56.80 57.07 57.09 56.80 56.24 55.82 55.74 55.75 55.64 55.47 55.67 56.44 57.59 58.52 59.13 59.31 60.23 63.75 67.67 71.46 79.19 87.65 85.10 74.66
58.58 61.02 62.80 60.59 58.69 58.07 57.72 57.43 57.07 56.21 55.02 54.08 53.36 53.22 54.41 56.47 58.38 59.89 61.19 62.11 62.41 62.20 61.74 61.10 60.35 59.72 59.36 59.16 59.08 59.05 58.93 58.59 58.17 57.77 57.31 56.85 56.70 56.91 57.19 57.43 57.60 57.76 57.94 58.15 58.36 58.54 58.68 58.73 58.58 58.28 57.87 57.24 56.73 56.70 56.87 56.83 56.51 55.96 55.59 55.63 55.78 55.80 55.74 55.89 56.53 57.56 58.39 58.85 58.93 60.01 63.83 68.42 72.34 79.32 86.83 83.68 72.89
56.43 56.44 56.16 55.80 56.31 56.76 56.58 56.16 55.55 54.71 53.65 52.81 52.18 52.29 53.91 56.45 58.75 60.56 61.96 62.69 62.60 62.08 61.48 60.74 59.90 59.30 59.00 58.84 58.78 58.80 58.72 58.42 58.04 57.67 57.23 56.81 56.73 57.00 57.36 57.65 57.86 58.07 58.29 58.50 58.67 58.82 58.97 58.99 58.78 58.41 57.92 57.20 56.61 56.48 56.56 56.44 56.07 55.54 55.27 55.46 55.74 55.86 55.86 55.99 56.55 57.44 58.23 58.60 58.74 60.04 64.19 69.32 73.56 80.10 86.16 82.08 71.00
54.80 53.66 52.53 53.56 55.24 55.93 55.72 55.22 54.64 54.00 53.24 52.64 52.40 53.10 55.27 58.11 60.48 62.15 63.14 63.32 62.83 62.13 61.43 60.61 59.79 59.25 59.02 58.93 58.90 58.96 58.92 58.65 58.27 57.88 57.43 57.02 56.93 57.22 57.59 57.89 58.13 58.34 58.53 58.69 58.85 59.02 59.17 59.14 58.87 58.44 57.91 57.18 56.57 56.40 56.46 56.35 56.04 55.61 55.47 55.77 56.13 56.29 56.26 56.35 56.88 57.62 58.41 58.89 59.15 60.62 64.99 70.21 74.54 80.34 84.69 79.57 68.26
47.90 46.46 48.29 53.62 55.83 55.71 55.16 54.60 54.12 53.78 53.69 53.69 54.19 55.66 58.25 61.00 62.97 64.04 64.32 63.88 63.04 62.20 61.46 60.70 59.96 59.52 59.43 59.46 59.46 59.53 59.50 59.20 58.77 58.34 57.85 57.38 57.27 57.55 57.92 58.20 58.42 58.58 58.72 58.87 59.02 59.17 59.27 59.22 58.91 58.47 57.95 57.25 56.68 56.56 56.67 56.63 56.42 56.14 56.11 56.46 56.80 56.93 56.87 56.86 57.33 58.13 58.98 59.57 60.04 61.70 65.91 70.69 74.76 79.47 82.19 76.20 64.90
44.54 44.71 51.59 57.75 57.02 55.13 54.32 53.78 53.45 53.50 54.06 55.00 56.36 58.55 61.29 63.65 65.02 65.48 65.11 64.11 63.03 62.15 61.45 60.77 60.14 59.87 59.94 60.07 60.13 60.17 60.12 59.77 59.27 58.77 58.21 57.71 57.60 57.87 58.23 58.48 58.67 58.81 58.94 59.06 59.19 59.31 59.40 59.31 58.99 58.56 58.04 57.36 56.82 56.72 56.86 56.87 56.75 56.56 56.60 56.95 57.26 57.35 57.24 57.22 57.71 58.56 59.45 60.16 60.73 62.39 66.33 70.63 74.26 78.06 79.50 73.05 62.20
54.41 57.41 62.46 60.89 56.52 53.73 52.85 52.31 52.33 53.20 54.64 56.54 58.87 61.53 64.12 65.88 66.57 66.38 65.39 63.98 62.80 61.97 61.33 60.76 60.29 60.19 60.44 60.73 60.88 60.94 60.82 60.36 59.73 59.10 58.47 57.94 57.81 58.09 58.46 58.72 58.91 59.06 59.18 59.30 59.42 59.53 59.60 59.49 59.15 58.68 58.14 57.46 56.90 56.80 56.92 56.94 56.83 56.65 56.70 57.01 57.29 57.35 57.21 57.18 57.72 58.64 59.50 60.27 60.90 62.58 66.31 70.14 73.22 76.39 76.66 69.96 59.65
57.13 59.33 60.50 56.98 53.44 51.27 50.10 49.80 50.63 52.81 55.73 58.88 62.18 65.28 67.39 68.19 67.92 66.91 65.28 63.48 62.27 61.54 61.00 60.59 60.32 60.51 61.10 61.68 62.02 62.12 61.84 61.15 60.27 59.43 58.66 58.06 57.93 58.25 58.67 58.98 59.21 59.37 59.51 59.63 59.74 59.84 59.89 59.75 59.37 58.85 58.28 57.57 56.97 56.81 56.86 56.81 56.65 56.44 56.42 56.64 56.82 56.78 56.60 56.57 57.18 58.24 59.15 60.00 60.73 62.43 65.85 69.19 71.70 74.17 73.42 66.47 56.64
54.18 53.62 52.39 51.03 49.80 48.41 47.42 48.04 50.39 54.25 58.47 62.24 65.64 68.31 69.55 69.18 68.05 66.47 64.44 62.55 61.55 61.03 60.67 60.45 60.46 60.99 61.88 62.63 63.02 63.02 62.44 61.40 60.32 59.38 58.56 58.00 57.97 58.41 58.91 59.26 59.51 59.68 59.81 59.92 60.02 60.10 60.12 59.94 59.50 58.95 58.36 57.61 56.98 56.74 56.74 56.66 56.48 56.25 56.18 56.32 56.43 56.35 56.15 56.18 56.92 58.06 59.04 59.90 60.67 62.25 65.28 68.11 69.97 71.40 70.00 62.89 53.77
49.60 48.04 47.21 48.11 47.90 47.24 47.55 49.58 53.68 58.48 62.51 65.54 67.77 68.86 68.69 67.51 66.13 64.57 62.81 61.38 60.84 60.68 60.58 60.65 60.93 61.63 62.49 63.02 63.11 62.66 61.62 60.42 59.42 58.68 58.12 57.86 58.10 58.69 59.22 59.58 59.79 59.93 60.02 60.09 60.14 60.17 60.13 59.89 59.42 58.86 58.26 57.52 56.90 56.69 56.74 56.72 56.62 56.48 56.47 56.65 56.81 56.83 56.77 56.95 57.76 58.90 59.79 60.49 61.15 62.49 65.02 67.26 68.44 68.83 66.62 60.02 52.14
47.16 46.15 47.23 48.42 47.39 47.12 48.79 52.69 58.06 62.65 65.73 67.65 68.41 67.97 66.74 65.25 63.86 62.58 61.24 60.28 60.16 60.35 60.55 60.87 61.35 62.08 62.74 62.95 62.64 61.72 60.34 59.16 58.40 57.96 57.75 57.84 58.34 59.03 59.58 59.91 60.08 60.16 60.19 60.20 60.20 60.16 60.07 59.78 59.29 58.73 58.14 57.43 56.84 56.70 56.84 56.92 56.94 56.91 57.00 57.27 57.52 57.66 57.75 58.07 58.91 59.94 60.70 61.20 61.65 62.67 64.65 66.24 66.71 66.17 63.31 57.32 51.05
52.32 52.49 52.15 48.95 46.48 46.83 49.66 55.10 61.49 65.60 67.69 68.75 68.46 67.01 65.16 63.57 62.18 61.03 59.90 59.22 59.41 59.90 60.33 60.83 61.46 62.16 62.63 62.61 62.04 60.86 59.37 58.34 57.84 57.66 57.73 58.08 58.72 59.46 60.00 60.30 60.43 60.45 60.43 60.38 60.32 60.23 60.09 59.76 59.26 58.69 58.11 57.41 56.86 56.78 56.98 57.15 57.25 57.29 57.46 57.77 58.07 58.29 58.47 58.85 59.66 60.57 61.16 61.42 61.64 62.30 63.66 64.55 64.32 63.00 59.76 54.57 49.81
52.80 52.02 48.81 44.58 43.56 45.87 50.41 57.54 64.81 68.41 69.18 69.09 67.83 65.52 63.26 61.71 60.41 59.32 58.32 57.87 58.35 59.13 59.80 60.52 61.26 61.91 62.19 61.93 61.17 59.80 58.33 57.60 57.50 57.68 58.06 58.66 59.41 60.13 60.61 60.85 60.92 60.86 60.76 60.65 60.52 60.38 60.19 59.83 59.29 58.70 58.11 57.44 56.93 56.91 57.20 57.46 57.63 57.74 57.95 58.29 58.62 58.87 59.09 59.49 60.20 60.94 61.30 61.29 61.12 61.23 61.77 61.81 60.89 58.95 55.62 51.53 48.44
48.93 45.93 40.42 37.78 40.21 45.36 51.87 60.66 68.56 71.09 70.34 68.91 66.71 63.69 61.17 59.65 58.52 57.48 56.63 56.44 57.28 58.40 59.32 60.22 61.07 61.63 61.66 61.18 60.26 58.81 57.47 57.15 57.51 58.04 58.71 59.47 60.24 60.86 61.23 61.38 61.36 61.22 61.05 60.88 60.71 60.52 60.28 59.88 59.31 58.71 58.11 57.45 57.00 57.07 57.44 57.76 58.00 58.16 58.39 58.73 59.07 59.32 59.54 59.90 60.48 60.99 61.09 60.78 60.10 59.47 59.06 58.28 56.77 54.51 51.55 48.87 47.62
46.83 41.69 33.72 33.53 41.01 48.38 55.82 65.33 72.86 73.77 71.45 69.02 65.92 62.38 59.67 58.19 57.33 56.48 55.95 56.17 57.37 58.70 59.74 60.71 61.53 61.89 61.70 61.10 60.14 58.73 57.56 57.55 58.15 58.78 59.47 60.13 60.72 61.15 61.38 61.43 61.32 61.13 60.93 60.75 60.57 60.37 60.11 59.70 59.14 58.55 57.99 57.38 57.01 57.15 57.56 57.90 58.13 58.29 58.50 58.81 59.12 59.34 59.54 59.81 60.23 60.52 60.39 59.79 58.67 57.46 56.53 55.49 54.01 52.09 50.04 48.84 49.00
43.79 32.36 21.63 34.78 47.46 54.35 61.31 70.42 77.14 76.59 72.93 69.58 65.50 61.51 58.73 57.40 56.88 56.58 56.55 57.25 58.67 60.04 61.02 61.88 62.52 62.69 62.40 61.79 60.90 59.59 58.54 58.62 59.16 59.62 60.06 60.42 60.71 60.91 61.01 60.98 60.82 60.60 60.41 60.25 60.10 59.92 59.68 59.30 58.78 58.25 57.76 57.24 56.94 57.11 57.52 57.82 58.01 58.12 58.28 58.55 58.80 58.96 59.06 59.23 59.49 59.58 59.26 58.45 57.08 55.66 54.87 54.27 53.43 52.37 51.45 51.36 52.24
53.79 34.13 23.20 48.37 56.39 60.22 66.20 74.33 80.01 79.10 74.30 69.98 65.00 60.31 57.48 56.45 56.33 56.67 57.22 58.33 59.86 61.19 62.09 62.83 63.36 63.45 63.13 62.55 61.72 60.49 59.49 59.51 59.97 60.26 60.47 60.55 60.59 60.64 60.62 60.51 60.32 60.09 59.92 59.80 59.68 59.52 59.30 58.95 58.48 58.01 57.59 57.13 56.88 57.06 57.45 57.71 57.87 57.93 58.03 58.23 58.39 58.45 58.44 58.47 58.53 58.40 57.89 56.92 55.47 54.12 53.67 53.67 53.54 53.34 53.30 53.94 55.18
65.08 64.49 68.17 63.27 63.61 65.85 71.07 78.18 82.87 80.85 75.13 69.63 63.72 58.37 55.66 54.98 55.30 56.11 57.39 58.85 60.46 61.72 62.57 63.28 63.80 63.91 63.63 63.10 62.32 61.11 60.11 60.10 60.49 60.67 60.71 60.62 60.52 60.45 60.36 60.21 60.00 59.78 59.64 59.54 59.44 59.30 59.10 58.76 58.33 57.90 57.51 57.10 56.89 57.08 57.44 57.70 57.82 57.83 57.87 57.97 58.02 57.92 57.74 57.57 57.37 56.96 56.22 55.13 53.67 52.52 52.46 53.06 53.58 54.05 54.68 55.82 57.35
62.89 67.60 71.80 69.57 70.10 74.60 79.27 84.64 86.85 82.65 75.71 68.64 61.56 55.45 52.95 52.84 53.77 55.12 56.91 58.89 60.53 61.73 62.55 63.24 63.83 64.07 63.92 63.53 62.86 61.70 60.69 60.63 60.88 60.92 60.82 60.60 60.40 60.28 60.17 60.01 59.81 59.62 59.51 59.45 59.38 59.26 59.07 58.74 58.33 57.93 57.58 57.21 57.02 57.21 57.57 57.81 57.90 57.86 57.80 57.77 57.65 57.37 56.96 56.46 55.83 54.98 53.88 52.57 51.10 50.30 50.87 52.26 53.54 54.74 56.02 57.68 59.57
54.10 55.21 58.82 65.78 75.09 82.33 86.58 89.35 88.16 81.11 73.39 66.14 58.61 52.38 50.44 51.10 52.69 54.56 56.77 59.05 60.80 61.92 62.72 63.47 64.19 64.62 64.62 64.28 63.61 62.37 61.20 60.98 61.07 61.00 60.79 60.49 60.25 60.12 59.99 59.83 59.63 59.46 59.37 59.33 59.26 59.14 58.93 58.61 58.21 57.83 57.51 57.17 57.00 57.20 57.55 57.77 57.82 57.73 57.57 57.41 57.17 56.73 56.11 55.29 54.24 53.03 51.71 50.37 49.15 48.95 50.29 52.33 54.21 55.91 57.62 59.58 61.63
45.14 43.88 50.22 64.78 76.55 82.58 85.39 85.69 81.62 73.20 66.59 61.22 55.38 50.76 49.68 51.11 53.17 55.37 57.76 60.11 61.99 63.18 64.04 64.86 65.73 66.26 66.15 65.59 64.61 62.98 61.43 60.99 60.97 60.82 60.56 60.23 59.99 59.84 59.69 59.49 59.28 59.08 58.97 58.91 58.80 58.63 58.38 58.03 57.63 57.28 56.98 56.66 56.51 56.70 57.03 57.22 57.25 57.10 56.88 56.69 56.41 55.95 55.27 54.34 53.28 52.23 51.23 50.39 49.89 50.43 52.25 54.45 56.30 57.88 59.38 61.00 62.61
42.91 41.55 55.79 71.58 77.32 79.30 79.96 78.32 73.02 64.96 59.80 56.46 52.64 49.91 49.87 51.80 54.21 56.60 59.11 61.48 63.29 64.72 65.69 66.60 67.57 68.04 67.69 66.77 65.37 63.29 61.37 60.77 60.70 60.49 60.22 59.89 59.62 59.45 59.26 59.03 58.78 58.56 58.41 58.29 58.13 57.92 57.62 57.24 56.86 56.53 56.25 55.94 55.80 55.98 56.29 56.45 56.44 56.25 56.01 55.85 55.62 55.22 54.58 53.74 52.93 52.30 51.87 51.69 51.95 53.10 55.06 57.06 58.56 59.71 60.67 61.67 62.59
57.07 63.01 74.96 78.16 76.97 76.67 75.74 72.79 67.12 59.68 55.20 52.91 50.39 48.91 49.76 52.16 54.78 57.41 60.08 62.51 64.27 65.65 66.95 67.91 68.87 69.21 68.60 67.33 65.60 63.19 61.05 60.39 60.32 60.09 59.83 59.47 59.18 58.98 58.76 58.50 58.21 57.95 57.76 57.60 57.42 57.17 56.85 56.48 56.13 55.83 55.56 55.27 55.13 55.29 55.57 55.71 55.66 55.46 55.24 55.12 54.96 54.65 54.09 53.40 52.85 52.60 52.61 52.91 53.69 55.20 57.16 58.89 60.03 60.74 61.21 61.65 61.93
