WindNinja_Processing/data/medicine/ang.asc
ncols	132
nrows	153
xllcorner	524494.297235
yllcorner	3738115.816411
cellsize	54.720000
NODATA_value	-32768.000000
[rows 84 to 125 of 153, columns 0 to 93 of 132]
139 140 140 141 142 144 145 146 146 145 144 144 145 145 145 146 147 148 149 149 149 149 150 150 150 150 152 153 153 151 149 148 150 153 155 156 156 156 157 157 157 156 154 151 150 152 155 159 162 164 164 164 164 162 159 156 154 153 152 152 152 152 152 153 153 153 154 155 157 157 153 148 143 139 139 140 141 141 142 145 148 150 151 151 151 153 154 155 154 153 153 153 152 152
139 140 140 141 143 145 146 146 145 144 143 143 144 144 145 146 147 148 149 149 149 150 151 151 150 151 152 153 151 149 147 145 147 151 153 154 155 155 156 157 157 156 154 152 150 152 156 160 163 165 164 164 163 161 158 156 153 151 151 151 150 151 151 152 153 154 154 155 156 156 152 148 142 138 137 139 140 140 141 144 146 149 150 151 151 152 154 154 154 153 152 151 151 151
139 140 140 142 144 146 147 147 145 144 142 143 144 144 144 145 146 148 149 150 150 150 151 151 151 151 152 152 150 148 145 143 145 148 151 152 154 154 155 157 157 156 154 152 151 153 156 160 164 164 164 164 163 161 159 157 154 152 152 151 150 150 150 151 151 153 153 154 155 154 151 148 143 138 137 138 139 140 140 142 144 146 148 148 149 151 153 153 152 152 151 151 151 150
139 139 141 143 144 146 147 147 146 144 142 142 144 144 144 145 146 147 149 150 150 150 151 151 151 151 152 152 150 147 144 142 143 146 148 150 152 153 155 156 157 156 154 152 152 154 157 160 163 162 161 162 161 161 159 158 156 154 154 153 152 151 150 150 150 151 152 152 152 152 150 147 143 139 138 139 140 140 140 141 142 144 145 146 146 149 151 151 151 150 150 150 150 150
138 139 141 143 145 147 148 147 146 144 142 143 144 145 145 146 147 148 149 150 150 150 151 151 151 151 153 153 151 148 145 142 143 146 148 150 151 153 154 156 156 155 154 152 152 154 157 160 161 159 158 158 159 159 158 157 156 155 156 155 154 153 151 151 151 151 151 151 150 150 148 145 141 138 137 139 141 141 142 142 143 145 145 146 146 148 150 149 149 148 148 149 149 149
136 138 141 142 144 146 148 147 146 144 143 144 146 146 146 147 148 149 150 151 151 151 151 151 151 152 153 154 152 149 146 144 144 146 148 150 151 152 154 155 156 155 154 152 152 154 157 158 158 156 155 155 156 156 156 155 155 156 157 157 156 154 153 153 153 152 151 150 149 148 146 143 139 136 136 138 141 142 144 145 145 146 147 147 147 148 149 148 147 146 146 147 147 147
134 136 139 142 144 146 147 147 146 145 144 145 147 148 148 148 149 150 151 151 151 150 151 151 151 152 154 155 153 150 147 144 145 147 149 150 151 152 154 156 156 155 154 152 152 154 156 156 155 154 153 154 155 156 155 155 155 156 157 157 156 155 154 154 154 153 152 151 150 148 145 142 139 135 135 138 140 143 145 146 147 147 147 147 148 148 148 147 145 144 144 144 145 145
137 137 139 141 143 145 146 146 146 145 145 147 149 150 150 150 151 151 151 151 151 150 150 151 151 152 153 155 153 150 147 144 145 147 149 150 151 153 154 156 157 156 155 153 153 154 154 154 153 152 152 153 155 156 155 155 155 156 156 156 155 154 154 154 154 153 153 151 150 148 145 142 138 135 134 137 140 143 145 146 148 148 148 148 148 148 148 145 143 142 142 142 143 143
138 139 140 141 143 144 145 145 145 145 145 147 149 150 150 151 152 152 152 152 151 151 151 151 151 151 153 155 153 150 146 144 145 147 148 150 151 152 154 157 158 157 156 154 154 154 154 152 150 150 151 153 155 156 156 155 155 155 154 154 152 152 152 152 152 152 151 150 149 147 145 142 138 135 135 137 140 143 145 147 148 148 149 149 149 149 148 145 143 142 141 141 141 142
137 139 140 142 143 143 144 143 143 144 145 147 149 150 150 151 152 153 153 152 152 151 151 151 151 152 153 155 152 149 146 144 145 147 148 149 150 152 154 157 158 158 156 155 155 155 154 151 149 149 150 153 156 157 156 155 155 154 152 151 149 148 148 149 148 148 147 147 146 145 143 141 138 136 136 138 141 143 145 147 147 148 149 149 149 149 148 146 144 142 141 140 140 141
137 138 140 142 143 143 143 143 143 144 145 147 148 149 150 151 152 153 153 152 152 152 151 151 151 152 153 154 152 149 146 144 145 147 148 149 150 152 154 157 159 158 157 156 155 155 154 151 148 149 151 154 158 158 156 155 153 152 150 148 147 145 145 145 145 144 143 143 142 142 141 140 138 135 136 139 141 144 146 147 147 148 149 150 150 149 148 146 143 141 140 139 139 139
138 139 140 142 142 142 142 142 143 144 146 147 148 149 150 151 152 153 153 152 152 152 152 151 151 151 152 153 150 148 146 144 145 147 149 149 150 152 155 157 159 158 157 156 155 155 154 151 149 150 153 156 159 159 156 154 151 149 148 146 144 143 143 143 142 141 139 138 138 139 138 138 136 135 136 139 142 144 146 147 147 148 149 150 150 149 148 146 143 141 138 137 137 138
138 139 141 142 142 141 141 142 143 145 147 148 149 149 150 151 152 152 152 152 152 152 152 152 151 151 152 151 149 146 144 144 145 147 148 149 150 152 154 157 158 157 156 155 154 154 153 151 149 151 155 159 162 161 157 153 151 148 146 145 144 143 143 142 141 139 138 137 137 138 138 137 136 135 137 140 143 145 147 147 148 149 150 151 150 150 148 146 144 141 138 137 138 138
137 138 141 142 142 141 141 142 144 146 149 150 150 150 151 151 152 152 152 151 152 152 152 152 151 151 151 149 147 144 143 142 143 145 146 147 148 150 153 156 158 156 155 154 153 153 152 150 149 152 157 161 165 163 159 154 151 148 146 145 144 144 144 143 142 141 140 140 139 139 139 138 137 136 138 141 144 146 148 149 149 151 152 152 152 151 150 148 146 143 140 139 140 141
135 137 140 141 142 141 141 142 145 148 150 151 151 151 151 152 152 152 151 151 151 151 152 152 151 151 150 148 145 143 141 140 140 141 142 143 145 148 151 154 156 155 153 152 152 151 151 149 148 152 158 163 166 165 160 155 151 148 146 145 144 144 144 144 143 142 142 142 141 140 140 139 139 138 139 142 145 147 149 150 151 152 153 154 154 153 152 151 149 146 143 142 143 144
136 137 139 141 142 142 141 143 146 149 151 152 151 151 152 152 152 152 151 151 151 151 151 151 151 150 148 146 143 141 139 137 137 137 138 139 141 144 148 152 154 153 152 151 151 151 150 149 149 153 159 164 167 165 160 155 150 147 145 144 144 144 144 144 143 142 143 143 142 141 141 141 140 140 141 144 146 148 150 151 151 153 154 155 155 155 155 154 153 150 146 145 146 147
136 138 140 141 142 142 142 144 147 150 152 152 152 152 152 152 152 152 151 151 152 152 152 151 151 150 148 146 144 141 139 137 136 136 136 137 139 142 146 150 152 151 151 150 151 151 151 150 150 154 160 165 168 166 161 156 151 148 146 145 145 144 144 143 143 143 143 143 142 141 141 141 141 141 142 145 147 149 150 151 151 153 154 155 155 155 156 156 155 152 149 149 150 150
132 135 139 139 140 140 141 144 147 151 153 153 152 152 152 153 153 152 152 152 153 153 153 152 151 151 149 148 147 145 143 141 140 140 139 140 141 143 147 150 152 151 151 151 151 152 152 152 152 156 162 166 169 167 163 158 153 150 149 148 148 147 146 145 144 143 144 144 142 141 141 141 142 142 143 145 147 148 149 150 150 151 153 153 153 154 155 156 155 153 151 151 153 153
129 131 135 137 138 139 140 143 147 150 153 153 152 152 152 153 153 153 152 153 153 154 154 153 153 152 151 150 150 149 147 146 145 144 143 143 144 146 148 151 153 152 151 151 152 153 153 154 155 159 163 167 170 168 164 160 155 153 152 152 151 150 148 147 146 145 145 144 143 141 141 142 142 143 144 145 146 147 148 148 149 150 150 151 151 152 154 155 155 153 152 153 155 156
132 132 133 135 137 138 139 142 146 149 152 152 152 152 152 153 153 153 153 154 154 155 154 154 154 153 153 153 153 152 151 150 148 148 147 146 146 147 150 152 153 152 151 152 153 154 155 156 157 161 165 168 170 168 165 161 157 155 155 154 153 152 150 149 148 147 147 146 144 142 142 143 143 143 144 144 145 145 145 146 146 147 148 149 149 151 153 154 155 154 154 156 158 159
135 134 134 135 136 137 139 141 145 149 151 152 151 151 152 152 153 153 154 154 155 155 155 154 154 154 154 155 155 154 153 152 151 151 149 148 148 149 151 152 153 152 151 152 154 155 156 157 159 163 166 168 169 167 163 160 157 156 156 155 154 153 151 150 149 149 148 148 146 144 144 144 144 144 144 144 144 144 144 144 145 146 147 147 148 150 153 154 154 155 155 158 160 161
134 135 135 136 137 138 139 142 145 148 151 151 151 151 151 152 152 152 153 154 154 154 153 153 153 153 154 154 154 154 153 152 152 151 150 149 149 150 151 153 152 151 151 152 153 154 155 157 159 163 166 167 167 165 161 157 155 154 154 154 153 151 150 149 149 148 148 147 146 144 145 146 147 147 147 146 145 145 145 145 146 147 147 148 149 151 153 154 154 155 157 160 162 162
133 134 136 136 137 138 140 142 145 148 150 150 150 150 151 151 151 152 152 153 153 153 152 151 151 152 152 153 153 153 152 152 152 152 151 149 149 150 152 153 152 150 150 151 152 153 154 156 159 162 165 166 165 162 158 155 152 152 152 152 151 149 149 148 147 147 146 146 145 145 146 148 149 150 149 149 148 147 147 147 147 148 149 149 151 152 154 154 155 156 159 162 163 163
132 133 134 136 137 138 140 142 144 147 149 150 150 150 150 151 151 151 152 152 153 152 151 150 150 150 151 152 152 152 152 152 153 153 152 151 151 152 153 153 152 150 150 150 151 152 152 155 159 162 163 163 162 158 155 152 150 150 150 150 150 149 148 147 146 146 145 145 145 145 147 149 151 152 152 151 150 149 148 149 149 150 150 151 152 153 155 155 155 157 160 163 164 162
134 134 134 135 137 138 139 141 144 146 149 149 149 150 150 150 150 151 152 152 152 151 150 149 149 150 150 150 150 151 152 153 154 155 154 153 152 153 154 154 152 150 150 150 150 150 151 155 160 162 162 161 159 156 153 150 149 148 149 149 149 148 148 147 146 145 144 145 145 146 148 150 152 153 154 153 152 151 150 150 151 151 152 152 153 154 155 156 156 158 161 163 163 161
136 136 135 136 137 139 140 142 144 146 148 149 149 149 150 150 150 151 152 152 152 151 150 149 149 149 149 148 148 149 151 152 154 155 154 153 153 154 155 154 153 152 151 151 152 151 152 156 162 164 163 161 157 154 151 149 148 147 147 148 148 148 148 147 145 144 143 144 144 146 147 150 152 153 154 154 153 151 150 150 151 152 152 153 153 155 156 156 157 159 162 163 161 159
137 137 136 137 138 139 141 142 144 146 148 149 149 149 150 150 150 151 152 152 152 151 150 149 149 149 148 147 147 148 150 152 154 154 153 153 153 154 155 155 154 153 153 153 153 153 154 159 164 165 163 160 156 153 151 149 148 147 146 147 147 147 147 146 144 143 142 143 144 145 147 149 150 152 153 153 152 150 150 150 151 152 153 153 154 155 157 157 158 160 163 163 160 156
138 137 137 138 139 140 141 142 144 146 148 149 149 149 149 150 150 151 152 152 152 151 150 149 149 149 148 146 146 147 149 152 153 154 153 152 153 155 156 155 155 155 155 155 155 155 156 161 166 166 163 160 156 153 152 150 148 147 146 146 146 146 146 145 143 141 141 143 144 145 146 148 150 151 152 153 152 150 150 151 152 153 153 153 154 156 157 157 158 161 163 163 160 155
138 138 137 137 139 140 141 142 144 146 148 149 149 149 149 150 150 151 152 152 151 151 150 149 150 149 147 146 146 148 150 152 153 153 152 152 153 155 156 156 156 156 156 156 156 156 158 162 166 165 162 158 155 153 152 151 149 147 147 146 146 145 144 143 141 140 141 142 144 145 146 147 149 150 151 152 151 151 151 152 153 154 154 154 154 156 157 158 159 161 164 163 160 155
139 138 137 138 139 140 141 143 144 147 149 149 149 149 149 150 150 151 152 152 151 150 149 149 149 148 146 145 146 148 150 153 153 152 152 152 153 155 156 156 155 156 156 156 156 157 159 163 166 164 159 156 153 152 151 150 149 148 147 147 146 145 144 142 140 139 140 142 144 146 147 147 148 150 150 150 150 150 151 153 154 154 154 154 154 156 157 158 159 161 164 164 160 155
141 139 138 139 141 141 142 143 145 147 150 150 149 149 150 150 150 151 151 151 151 150 149 148 148 147 145 143 145 148 150 153 152 151 151 151 152 154 155 155 155 155 156 156 157 158 161 164 166 163 157 153 150 149 149 149 148 148 148 147 147 146 144 142 140 138 140 143 145 146 147 148 148 149 149 149 149 149 151 153 154 154 154 154 154 156 157 157 159 162 165 164 160 154
142 141 140 141 142 143 143 145 146 148 150 150 150 149 150 150 150 150 151 151 150 149 149 148 148 147 144 142 144 147 150 152 151 150 149 150 151 153 154 154 154 155 156 157 157 159 162 165 166 162 156 152 148 147 147 147 147 147 147 147 147 146 145 143 140 139 140 143 145 147 148 148 148 148 148 147 148 148 150 153 154 154 154 154 155 156 157 157 159 162 165 165 160 155
139 140 141 143 144 144 145 146 148 149 151 151 150 149 149 149 150 150 151 151 150 149 149 148 148 147 144 142 144 146 149 150 149 148 148 149 150 152 153 153 153 155 156 157 158 160 163 166 167 163 157 151 147 145 144 144 145 146 146 147 146 146 145 143 141 139 141 144 146 147 148 147 147 147 147 146 147 148 150 152 154 154 154 155 156 156 156 157 158 162 166 165 161 155
136 138 141 143 144 145 145 147 148 150 152 151 150 149 149 149 149 150 150 150 149 149 149 148 148 147 144 142 144 147 148 149 148 147 147 148 150 151 152 152 153 154 156 157 158 161 164 167 169 165 159 152 147 144 143 144 144 145 146 146 145 145 144 143 141 140 142 144 146 148 148 147 147 146 146 146 147 148 150 151 152 153 154 156 157 157 156 156 158 162 166 165 161 156
132 135 139 141 143 144 145 147 149 150 152 151 150 149 149 149 149 149 150 150 149 148 148 149 148 147 145 143 145 148 149 150 149 148 148 149 150 151 151 151 151 153 155 156 158 161 164 168 170 167 161 155 149 146 145 145 145 146 146 145 144 144 143 142 141 140 142 145 147 149 148 148 147 146 146 146 147 148 149 150 151 152 154 156 157 157 156 156 158 163 167 166 162 157
130 131 135 138 141 142 144 146 148 150 151 151 150 149 149 149 149 149 149 149 149 148 148 149 148 147 145 144 146 149 150 150 149 149 149 150 150 150 150 150 150 152 154 156 157 160 164 168 171 168 163 156 150 147 146 146 146 146 145 144 143 143 142 142 141 140 143 146 148 149 149 148 147 146 146 146 147 148 149 149 150 152 154 156 157 157 155 156 159 163 167 167 162 158
132 132 133 136 139 141 143 145 148 150 151 151 150 149 149 149 149 149 149 149 148 148 148 149 148 147 146 145 148 150 151 151 151 150 150 151 151 150 150 149 150 151 153 155 157 160 163 168 171 168 163 157 151 149 148 148 147 147 145 144 143 142 142 142 141 141 143 146 149 150 150 149 148 146 146 146 147 148 148 149 149 151 154 156 157 156 155 157 160 164 168 167 163 159
135 134 134 136 138 140 142 145 147 149 150 150 150 149 149 149 149 149 149 148 148 148 148 148 148 147 146 146 148 150 151 152 152 151 151 151 151 150 149 149 149 151 153 154 156 159 162 167 169 166 161 156 151 149 149 148 148 147 145 143 142 141 141 141 141 141 144 147 149 151 151 150 148 147 146 146 147 147 148 148 149 151 153 155 155 155 154 157 161 165 169 167 163 159
135 135 135 136 138 140 142 144 146 148 150 150 149 149 149 149 148 148 149 148 148 148 148 148 148 147 145 145 147 149 150 150 151 152 152 152 151 150 149 149 149 151 152 154 156 158 162 166 168 164 158 153 148 147 147 147 147 146 144 143 141 141 141 141 141 142 144 147 149 151 151 150 148 146 146 146 147 147 148 148 149 151 153 153 153 153 153 156 161 165 169 167 162 158
135 135 135 137 138 140 142 144 145 147 149 149 149 149 149 149 148 148 148 148 148 148 148 148 147 146 145 144 145 147 148 149 150 151 151 151 151 150 149 149 150 151 152 153 155 158 161 165 166 162 155 150 145 144 145 145 145 144 143 142 141 140 141 141 141 142 144 146 149 150 150 149 148 146 145 146 147 147 148 148 149 151 152 152 151 151 151 155 160 165 168 166 162 158
136 135 135 136 138 139 141 142 144 146 148 149 148 148 148 148 148 148 148 148 148 148 148 148 147 146 144 144 144 146 146 147 148 149 150 150 150 150 149 149 149 150 151 152 153 156 160 164 165 161 154 147 143 141 141 141 142 142 142 141 140 140 141 142 142 143 144 146 148 150 150 148 147 145 145 146 147 147 148 148 149 150 151 150 149 149 150 154 159 164 167 165 161 157
137 136 135 135 137 138 140 141 143 146 148 148 148 148 148 148 148 148 148 148 148 148 148 148 147 146 144 144 144 145 145 145 146 147 149 150 150 150 150 149 149 149 150 151 152 155 158 163 165 161 154 146 140 138 138 138 139 140 140 140 140 140 141 143 143 144 146 147 148 149 149 147 146 144 144 146 147 148 148 148 148 149 149 148 147 147 148 152 158 163 166 165 161 157
