WindNinja_Processing/data/medicine/ang.asc
ncols	132
nrows	153
xllcorner	524494.297235
yllcorner	3738115.816411
cellsize	54.720000
NODATA_value	-32768.000000
[rows 42 to 83 of 153, columns 0 to 93 of 132]
131 134 137 137 138 139 139 139 137 134 131 131 133 134 135 136 137 138 139 141 142 143 144 145 145 144 143 142 143 145 147 149 150 151 152 153 153 152 152 152 152 153 153 153 154 156 157 158 158 159 161 161 162 161 159 157 155 153 151 151 150 150 150 150 151 151 150 148 147 147 147 149 150 150 149 147 145 143 141 140 139 137 136 136 136 135 135 136 138 140 141 141 141 140
128 131 135 136 137 137 138 137 136 133 130 130 131 132 133 134 135 137 138 140 141 143 144 145 145 145 143 142 143 145 148 150 150 151 151 151 151 151 150 150 150 150 151 151 153 154 155 157 158 159 161 162 162 161 159 157 155 153 152 151 151 150 150 150 151 151 149 147 147 147 147 148 149 149 147 145 143 141 140 139 138 137 136 136 136 136 135 136 138 140 142 143 142 142
132 132 134 135 136 137 136 135 134 131 129 128 129 129 129 130 132 134 136 138 140 141 143 144 145 145 143 143 144 146 148 149 150 149 149 149 149 148 148 148 148 148 149 150 151 152 154 155 157 158 160 161 162 161 160 158 155 154 153 152 152 151 151 151 150 150 148 147 146 147 147 147 147 147 145 143 141 139 138 138 138 137 136 136 136 135 135 136 137 139 142 143 143 143
134 135 136 136 136 136 136 135 133 131 129 128 128 128 127 128 131 133 135 137 139 141 142 144 144 144 143 143 144 146 148 150 149 149 148 147 147 146 146 146 147 147 148 149 150 151 153 154 156 157 159 160 161 161 159 157 155 154 153 153 153 152 152 151 151 150 148 147 147 148 148 147 146 145 143 141 139 137 137 137 137 136 136 136 136 136 135 136 137 139 141 143 143 143
130 133 135 135 136 137 137 137 135 134 132 132 132 131 130 131 133 135 137 139 140 141 143 144 144 144 143 143 145 147 149 151 151 149 148 147 147 146 146 146 147 148 149 150 151 152 153 154 156 157 158 160 161 160 159 157 155 154 154 154 153 153 153 153 152 150 149 149 150 151 151 149 148 146 143 141 139 137 136 137 137 136 136 136 137 136 136 137 138 140 141 142 142 143
128 130 133 134 136 138 138 138 137 137 136 136 136 134 133 134 136 138 140 141 142 142 143 144 144 144 143 143 145 147 150 152 151 150 149 148 147 147 147 147 148 149 149 150 152 152 153 154 156 157 158 159 160 160 158 157 155 154 154 154 154 155 155 154 153 152 151 151 153 154 154 152 149 146 144 141 139 137 136 136 137 136 136 136 137 137 137 138 139 140 141 142 142 142
132 132 132 134 135 137 139 139 138 138 138 138 139 137 136 137 139 141 142 143 143 143 143 144 144 143 143 143 145 147 150 152 152 151 149 148 147 147 147 148 148 149 150 151 152 152 153 154 155 156 157 158 159 159 158 156 155 155 155 156 156 156 156 156 155 154 153 154 155 157 156 153 150 146 143 141 139 137 136 136 136 136 136 136 137 137 137 138 139 140 141 141 141 141
136 135 134 134 135 137 139 139 139 138 139 139 140 139 138 139 141 143 143 144 143 143 144 144 143 143 142 143 144 147 149 151 151 150 149 148 148 148 148 149 149 149 150 151 151 152 152 153 155 155 156 157 158 158 157 156 155 155 156 157 157 158 158 157 157 156 156 157 158 160 158 154 150 146 143 141 139 137 136 136 136 136 136 136 136 136 137 137 138 139 140 140 140 141
136 136 135 135 136 138 140 140 139 139 139 139 139 139 138 139 141 143 144 144 144 144 144 144 144 143 143 143 145 147 149 150 150 150 149 148 148 149 149 150 150 150 150 151 152 152 152 153 154 154 155 155 156 155 155 154 153 153 155 156 156 157 157 157 156 156 157 158 160 161 159 154 149 145 142 141 139 137 136 136 136 137 137 137 136 136 136 137 137 138 139 139 139 140
136 136 137 137 138 140 141 141 140 139 138 138 138 138 137 138 140 142 143 144 144 144 144 144 144 144 144 144 145 147 149 150 150 149 148 148 148 149 150 150 151 151 151 152 152 152 152 153 153 153 153 154 154 153 153 152 151 151 153 154 154 155 155 155 155 156 157 159 161 162 159 154 148 144 141 140 138 137 136 136 137 137 138 137 136 136 135 136 136 137 137 138 138 139
136 136 136 137 138 140 141 141 140 139 138 138 138 137 136 137 140 142 143 143 143 143 144 144 144 143 143 144 145 147 148 150 150 149 148 148 148 149 150 151 151 151 151 152 152 152 152 152 153 153 152 153 153 152 151 150 150 150 151 152 153 153 154 154 154 155 157 159 161 162 159 153 148 143 140 139 138 136 135 135 136 137 137 136 134 134 133 134 134 135 135 136 136 137
139 137 136 136 137 140 141 141 140 139 138 138 137 137 136 137 139 141 142 143 143 143 143 143 142 142 143 143 145 146 148 149 149 149 149 148 149 150 150 151 151 151 151 152 152 152 152 152 152 152 151 152 152 151 150 149 149 149 150 151 151 152 153 153 153 154 156 158 160 161 158 153 147 142 139 139 138 136 135 135 136 136 136 134 133 131 131 132 132 133 134 134 134 135
141 139 136 136 138 140 142 141 140 139 138 138 138 138 137 138 140 141 142 143 143 143 143 143 142 142 142 143 144 146 147 148 149 149 148 148 149 150 151 151 152 152 152 152 152 152 152 152 151 151 151 151 151 151 150 149 149 149 150 150 151 152 152 153 153 154 156 157 160 161 157 152 146 140 138 138 137 136 136 136 137 137 138 136 134 133 132 133 134 135 135 136 136 136
145 141 137 138 139 142 143 142 141 140 140 140 140 139 139 140 141 142 143 144 144 144 143 143 142 142 142 143 143 145 146 147 148 148 148 148 149 150 151 151 152 152 152 152 152 152 152 152 151 151 151 151 151 151 150 149 149 149 150 151 151 152 153 153 154 155 156 157 159 160 157 151 144 139 137 137 137 137 137 138 139 140 140 139 138 136 136 136 137 138 139 140 140 140
146 143 140 139 140 142 143 142 141 141 141 141 141 141 141 141 142 143 144 144 144 144 144 143 142 142 142 142 142 143 145 146 147 147 147 148 148 149 150 151 151 152 152 152 152 152 152 152 151 151 151 151 151 151 150 150 149 150 150 151 151 152 153 153 154 155 156 157 159 160 156 149 143 137 135 136 137 137 137 138 140 141 142 142 141 139 139 139 141 141 142 143 143 144
143 142 140 140 141 142 143 142 142 142 142 143 143 142 142 142 142 143 144 144 145 144 144 143 143 142 141 141 141 142 144 145 146 146 146 147 148 149 150 150 151 151 152 152 152 152 152 152 151 151 151 151 151 151 150 150 150 150 150 151 151 152 153 154 154 155 156 157 159 159 155 148 141 135 134 135 136 136 137 138 140 142 143 143 142 142 141 142 143 144 145 145 145 146
141 140 139 140 141 142 143 142 142 142 143 144 144 143 142 143 143 144 144 144 144 144 143 143 143 142 141 140 141 142 143 145 146 146 146 147 148 149 149 150 151 151 151 152 152 152 152 152 151 151 151 151 151 151 151 150 150 150 151 151 152 153 153 154 155 156 157 157 159 159 155 148 141 135 134 135 136 137 138 139 141 142 143 143 143 143 143 144 145 146 146 146 146 146
144 140 138 140 142 143 143 143 142 143 145 145 145 144 143 143 144 144 144 144 144 144 143 143 143 143 142 141 142 143 144 146 146 146 147 147 148 149 149 150 150 151 151 152 152 152 152 151 151 151 151 151 152 151 151 151 150 151 151 152 153 153 154 155 156 157 158 158 160 160 155 148 141 136 135 137 139 140 141 142 143 144 144 144 144 144 144 145 146 146 147 146 146 146
144 142 140 141 142 143 143 142 142 144 146 146 145 145 144 144 144 144 144 143 143 143 143 143 144 144 143 142 142 144 145 147 147 147 147 148 148 149 149 149 150 150 151 151 152 152 152 151 151 151 151 151 152 152 151 151 151 151 152 153 153 154 155 156 157 158 159 159 160 159 155 148 142 137 136 139 141 142 143 144 145 145 145 145 145 145 145 146 147 147 147 146 146 145
141 141 141 142 142 142 142 142 142 144 146 147 146 145 145 144 144 144 143 142 141 141 142 143 143 144 143 142 143 145 146 147 147 147 147 148 148 148 148 149 149 150 151 151 152 152 152 151 151 151 151 151 152 152 151 151 151 152 152 153 154 155 156 157 158 159 159 158 159 158 153 147 142 137 137 140 142 144 145 146 146 147 147 147 146 146 147 147 148 148 148 147 146 145
138 139 141 142 143 142 142 142 142 145 148 148 147 146 146 146 145 144 142 141 141 141 142 143 143 144 143 143 144 146 147 148 148 147 147 148 148 148 148 149 149 150 150 151 152 152 151 151 151 151 151 152 152 152 152 151 152 152 153 154 155 156 157 158 159 160 160 159 158 157 152 147 141 138 138 141 143 145 146 147 147 147 148 148 147 147 148 148 148 148 148 147 146 145
137 138 140 142 142 142 141 142 143 146 150 150 148 148 149 149 148 146 144 142 142 142 143 143 143 143 143 143 144 147 148 149 149 148 148 149 149 148 148 149 149 150 150 151 152 152 151 151 151 151 151 152 152 152 152 152 152 153 154 155 156 157 158 159 161 162 161 159 158 156 151 146 141 138 138 141 143 145 145 146 147 147 147 147 147 147 147 147 147 147 146 146 146 145
137 137 139 141 142 141 141 142 144 148 152 151 150 150 151 151 151 149 146 144 144 144 144 144 144 143 143 143 145 147 149 150 150 149 149 149 149 149 149 149 149 150 150 151 152 152 151 151 151 151 152 152 152 152 152 152 153 153 154 155 157 159 160 160 162 162 161 159 158 155 151 146 142 138 138 141 143 144 145 146 146 146 146 147 147 147 147 146 146 145 145 145 144 144
138 138 140 142 142 141 140 142 145 149 153 152 151 151 153 153 152 151 148 146 146 146 145 144 144 143 143 143 145 147 149 150 150 150 150 150 150 150 149 149 150 150 150 151 152 151 151 151 151 151 152 152 152 153 153 153 153 154 155 156 158 160 160 161 162 162 160 158 157 154 150 147 143 140 140 142 144 145 146 146 146 146 146 146 146 146 146 145 144 143 142 142 143 143
138 139 141 143 143 140 140 142 145 150 153 153 151 152 153 154 153 152 149 148 148 148 146 145 144 143 143 144 146 148 149 150 151 151 151 151 151 150 150 150 150 150 150 151 151 151 151 151 151 151 152 152 153 153 153 153 154 154 155 157 159 160 161 161 161 161 159 157 155 152 149 147 143 141 141 143 145 145 146 146 146 146 146 146 146 146 146 145 143 141 140 140 141 142
138 139 142 144 143 140 139 142 146 151 154 153 152 152 153 153 152 151 149 149 149 149 147 145 144 144 144 145 146 148 149 150 151 151 151 151 151 151 150 150 150 150 151 151 151 151 151 151 151 151 152 153 153 153 154 154 155 155 156 158 160 161 161 161 161 160 157 155 152 150 148 146 143 140 141 143 145 145 146 146 146 146 147 147 147 147 147 146 144 141 140 140 141 141
135 138 143 144 143 140 139 143 147 152 155 154 152 152 153 153 151 150 149 149 150 149 147 145 145 144 145 145 147 148 149 150 151 151 151 151 151 151 151 151 151 151 151 151 151 151 151 151 151 152 152 153 153 154 154 155 155 156 157 159 161 162 161 160 160 158 156 153 150 148 146 144 142 140 140 142 144 145 145 146 146 146 147 147 147 148 148 147 145 142 140 140 141 142
133 136 141 144 143 141 140 144 149 153 156 154 152 152 153 152 151 150 149 150 150 150 148 146 145 145 145 146 147 148 149 150 151 151 151 151 151 151 151 151 151 151 151 151 151 151 151 151 151 152 152 153 153 154 155 155 156 157 158 160 162 162 161 159 158 156 154 151 149 147 145 144 142 141 141 143 144 145 145 145 145 146 146 146 147 147 148 147 145 143 141 141 142 143
137 138 141 143 143 141 141 145 150 154 156 154 152 152 152 152 150 149 150 150 151 150 148 147 146 147 146 146 146 148 149 151 152 152 152 152 152 151 151 151 151 151 151 151 151 151 151 151 151 152 153 153 154 154 155 156 157 158 160 161 162 162 161 158 156 154 152 149 147 146 145 144 143 142 142 144 144 144 144 145 145 145 145 146 146 147 147 147 145 143 141 142 144 145
139 140 142 143 142 141 141 145 151 155 156 154 152 152 152 151 150 149 150 150 151 150 148 147 148 148 147 147 147 148 149 151 152 152 152 152 152 152 151 151 151 151 151 151 151 151 151 151 152 152 153 153 154 155 155 157 158 160 161 162 163 163 161 158 155 153 150 148 147 145 144 144 143 143 143 144 145 145 145 145 145 146 146 146 147 147 147 147 145 143 141 142 144 146
137 139 142 142 141 139 139 144 150 154 156 154 152 152 152 151 150 149 150 150 150 150 148 147 148 149 149 148 148 149 150 152 153 153 153 153 153 152 152 151 151 151 150 151 151 150 150 151 152 152 153 153 154 155 156 157 159 161 161 162 163 163 161 158 155 152 150 148 147 145 144 144 144 144 144 145 145 145 145 146 147 147 147 148 148 148 148 147 145 143 141 142 145 147
135 137 140 141 140 139 139 144 149 153 155 153 152 151 152 150 149 148 149 150 150 150 149 148 150 151 151 149 149 150 151 153 153 153 153 153 153 152 152 152 151 151 150 150 150 150 150 151 152 152 153 153 154 155 156 157 159 161 161 162 163 162 160 157 154 152 150 149 148 146 146 145 145 144 145 145 145 145 145 146 147 148 149 149 149 149 149 148 146 144 142 143 146 148
137 137 139 140 140 138 139 143 149 152 154 153 152 151 151 149 148 148 149 149 149 149 149 150 152 153 152 151 152 153 153 154 153 153 153 153 153 153 152 152 151 151 150 150 149 149 150 151 152 152 153 154 155 155 156 158 159 160 160 161 161 161 158 156 153 151 150 150 149 148 148 147 146 145 145 145 144 144 144 146 147 148 149 150 150 150 150 149 148 146 144 145 147 150
137 138 140 140 140 139 139 143 148 151 153 153 151 151 150 148 147 147 148 149 148 148 148 149 151 153 153 152 153 155 155 155 154 152 152 153 153 153 153 152 152 151 151 150 149 149 150 151 152 153 154 154 155 156 157 159 160 160 159 159 159 158 156 154 151 149 149 149 149 149 149 149 148 147 146 145 144 143 144 145 147 148 149 150 151 151 151 150 149 147 145 146 149 151
135 137 140 140 140 139 139 143 147 150 152 152 151 151 150 148 147 147 148 148 148 147 147 148 150 152 152 152 154 155 156 155 154 153 153 153 154 154 153 153 153 152 152 150 150 150 150 151 153 154 154 155 157 158 158 159 160 160 158 157 157 156 154 151 148 146 147 148 148 149 150 150 149 148 147 146 144 143 144 145 147 148 149 150 151 151 150 150 149 148 146 147 150 152
133 135 138 139 140 139 140 143 146 149 151 151 151 150 149 148 147 147 148 148 147 146 147 148 149 151 151 152 154 156 156 155 153 152 153 153 154 154 154 154 154 153 152 151 150 150 151 152 154 155 155 156 158 159 159 160 160 159 157 155 155 153 151 149 146 144 145 147 148 150 151 151 150 148 147 146 145 143 144 145 147 149 150 151 151 152 151 151 150 149 148 149 151 152
136 136 137 139 140 139 140 143 146 148 150 150 149 149 148 148 147 148 148 148 147 146 147 147 149 150 151 152 154 155 155 153 152 152 152 153 154 154 154 154 155 154 153 152 150 151 152 153 155 156 156 158 159 160 160 160 159 157 155 153 152 151 149 147 145 144 145 147 149 151 152 151 149 147 146 145 144 143 144 146 148 150 151 152 153 153 153 153 152 151 150 151 152 153
138 138 139 139 140 140 141 143 146 148 149 148 148 148 147 147 147 148 148 148 147 147 147 148 149 150 151 153 155 155 154 152 151 151 152 154 154 154 154 155 155 155 153 152 151 151 153 154 156 157 157 159 161 162 161 161 159 157 155 153 151 149 148 146 145 144 145 148 150 153 153 151 149 146 145 144 144 143 143 145 148 150 152 153 154 154 154 154 154 153 152 153 154 153
137 138 140 140 140 141 142 144 146 147 148 147 147 146 146 146 147 148 148 148 147 147 148 149 150 151 152 154 155 155 153 151 151 151 153 154 154 154 155 155 155 155 153 152 150 152 153 155 157 158 159 160 162 163 163 161 160 157 155 153 151 149 148 146 145 145 146 149 152 155 154 151 148 145 144 143 143 141 142 144 147 149 151 152 153 154 154 155 155 154 154 154 155 154
137 137 139 140 141 142 143 145 146 147 147 146 146 146 145 146 147 147 148 148 147 148 149 150 150 151 153 155 156 156 153 151 151 152 153 155 155 155 155 156 156 155 153 151 150 152 154 156 158 159 160 161 164 164 163 161 159 157 156 154 152 150 149 148 147 146 148 150 153 156 155 151 147 144 143 143 142 141 141 144 146 149 151 151 152 153 154 155 154 154 155 155 156 155
138 138 139 140 141 142 144 145 146 146 146 146 146 146 145 146 147 147 148 148 147 148 149 149 150 150 152 155 156 155 153 151 151 153 155 156 156 156 156 156 157 155 154 151 150 152 154 157 159 160 161 162 164 164 162 160 158 157 156 155 153 152 151 150 149 149 150 152 154 156 154 150 146 143 142 143 143 142 142 145 147 149 151 151 151 152 154 154 154 154 154 155 155 155
140 139 139 140 141 143 144 145 146 146 145 145 146 146 145 146 147 148 148 148 148 148 149 149 149 150 152 154 154 154 152 150 151 154 155 157 157 156 156 157 157 156 154 151 150 152 155 158 161 162 162 163 164 162 160 158 156 155 155 154 154 153 153 153 152 152 152 153 156 157 154 149 145 141 140 142 143 142 143 146 148 150 151 151 151 152 154 154 154 153 154 154 154 154
