WindNinja_Processing/data/medicine/ang.asc
ncols	132
nrows	153
xllcorner	524494.297235
yllcorner	3738115.816411
cellsize	54.720000
NODATA_value	-32768.000000
[rows 0 to 41 of 153, columns 0 to 93 of 132]
159 154 143 137 134 132 130 129 129 131 133 134 134 134 139 144 148 151 152 154 160 162 158 155 154 150 142 135 133 132 133 132 132 132 132 127 121 117 117 120 125 129 132 134 136 136 137 142 146 149 152 154 153 153 155 155 151 148 146 144 145 147 149 150 150 150 152 156 158 152 144 137 133 132 132 132 133 137 142 145 148 149 151 154 156 155 155 156 157 158 157 156 157 156
159 154 143 137 134 132 130 129 129 131 133 134 134 134 139 144 148 151 152 154 160 162 158 155 154 150 142 135 133 132 133 132 132 132 132 127 121 117 117 120 125 129 132 134 136 136 137 142 146 149 152 154 153 153 155 155 151 148 146 144 145 147 149 150 150 150 152 156 158 152 144 137 133 132 132 132 133 137 142 145 148 149 151 154 156 155 155 156 157 158 157 156 157 156
159 154 143 137 134 132 130 129 129 131 133 134 134 134 139 144 148 151 152 154 160 162 158 155 154 150 142 135 133 132 133 132 132 132 132 127 121 117 117 120 125 129 132 134 136 136 137 142 146 149 152 154 153 153 155 155 151 148 146 144 145 147 149 150 150 150 152 156 158 152 144 137 133 132 132 132 133 137 142 145 148 149 151 154 156 155 155 156 157 158 157 156 157 156
176 164 150 146 143 141 139 138 137 139 141 142 140 138 138 141 145 148 149 151 157 161 161 160 157 153 147 142 138 138 138 138 138 139 141 142 140 136 134 134 136 139 142 145 146 145 144 145 147 150 153 155 156 156 158 158 157 155 152 150 149 149 151 152 152 152 154 158 161 161 156 150 145 143 142 141 140 140 142 145 148 149 150 152 154 155 155 155 156 157 158 157 157 156
178 170 159 154 149 147 145 144 143 144 145 144 142 140 139 141 144 146 148 151 155 159 162 163 159 154 149 144 143 143 143 144 145 146 148 149 149 146 145 144 145 147 149 151 152 152 151 151 151 154 157 158 159 161 161 161 161 159 157 155 154 153 154 155 156 157 160 162 165 166 163 158 154 150 148 146 145 144 145 147 148 149 150 152 153 154 155 155 156 157 158 158 157 156
173 171 165 157 153 150 148 148 147 147 147 145 144 142 141 142 145 147 149 151 154 158 161 162 158 153 148 145 145 146 147 148 149 150 152 153 153 153 152 152 152 154 156 158 158 158 157 157 157 159 161 162 163 164 165 165 164 163 161 160 159 158 159 160 161 163 165 167 169 170 167 163 159 155 153 151 149 148 148 149 150 151 151 152 153 154 155 155 156 157 158 158 157 156
177 173 163 157 154 152 151 150 149 148 147 146 144 143 142 144 146 149 150 153 155 157 160 159 154 149 146 145 146 148 149 150 151 151 153 154 154 154 154 154 155 157 159 161 161 161 160 160 160 162 163 164 165 165 165 165 165 164 164 163 162 161 162 164 165 167 169 171 172 172 169 165 162 158 156 154 153 151 150 151 152 152 152 153 154 154 155 155 156 157 158 158 157 156
188 174 158 155 153 152 151 151 150 148 147 145 144 143 143 145 148 151 154 156 158 159 160 157 152 148 145 144 146 149 150 151 151 151 152 152 152 151 151 152 153 156 158 159 160 160 159 160 160 161 163 163 164 163 163 163 163 163 162 162 161 161 163 164 166 169 171 173 173 172 169 165 162 158 156 155 154 152 151 152 152 152 152 153 153 154 154 155 155 156 157 157 156 154
179 170 160 156 153 152 151 151 150 148 146 145 144 144 144 146 149 153 156 159 160 160 159 155 150 147 145 144 147 149 151 151 151 151 151 151 150 150 149 149 150 152 154 155 157 157 157 157 158 160 161 161 161 161 161 161 161 161 160 160 159 160 161 163 166 170 172 173 173 172 169 165 162 159 157 156 155 153 152 152 153 153 152 152 153 153 153 153 154 155 156 156 154 152
168 167 164 158 154 152 151 151 149 148 146 145 146 145 145 147 150 153 157 159 159 157 156 152 149 146 144 144 147 150 152 153 154 154 154 154 153 152 151 150 151 151 152 154 155 155 155 155 157 158 159 160 160 160 160 160 160 160 160 159 159 159 161 163 166 170 172 172 172 171 169 166 164 161 159 159 158 156 155 154 154 154 153 153 152 152 152 152 153 154 155 155 153 151
162 163 163 159 155 153 151 150 149 147 146 147 148 148 148 150 152 154 157 158 156 154 152 149 147 145 143 143 146 150 153 155 156 157 157 156 156 155 154 153 152 152 152 153 153 153 152 154 155 156 157 158 158 158 159 159 159 159 159 159 159 159 161 163 166 169 170 170 170 169 168 166 164 162 162 161 160 159 157 157 156 155 154 153 152 152 151 151 151 153 154 154 152 150
161 161 160 158 156 154 151 149 148 146 146 147 149 150 152 154 156 157 159 157 154 152 149 147 146 144 142 141 144 147 150 153 155 156 156 156 156 155 154 154 153 152 152 152 152 151 151 152 153 154 154 155 155 156 157 157 157 158 158 157 157 158 160 162 164 166 166 166 166 166 165 164 163 162 161 162 161 160 159 159 158 156 154 153 152 151 150 150 150 151 152 151 149 146
160 159 158 158 157 155 151 149 148 146 145 147 149 152 155 157 158 159 159 157 154 151 148 146 146 144 141 140 142 145 148 150 152 152 152 153 153 153 153 152 152 152 151 151 150 149 149 149 151 151 151 152 152 154 154 155 155 155 155 155 156 156 158 160 162 164 163 163 163 163 162 162 161 160 160 161 161 160 159 159 159 157 155 153 152 151 149 148 148 149 150 148 145 142
157 157 159 160 159 156 153 151 150 148 146 147 150 153 157 159 159 158 158 156 153 151 149 147 147 146 143 141 143 146 148 150 150 150 150 151 151 151 151 150 150 150 149 149 148 147 146 147 147 148 148 148 150 151 152 153 153 153 154 154 154 154 156 158 160 162 161 161 161 161 161 160 159 159 159 160 161 160 160 160 159 157 155 154 152 150 148 147 147 147 147 145 141 137
150 153 158 161 160 158 156 154 153 150 148 148 150 153 157 158 157 156 155 153 152 150 148 147 148 147 144 143 145 147 149 151 151 150 149 149 149 149 148 148 148 148 147 147 146 145 144 144 144 144 144 145 147 149 150 150 151 151 152 152 152 153 154 156 158 160 160 159 159 160 160 159 158 158 158 159 159 159 160 161 160 158 156 154 153 150 148 147 146 146 145 142 137 132
142 148 156 159 159 157 156 156 155 152 150 150 152 155 158 158 156 154 152 151 150 148 147 146 147 146 144 143 145 149 150 152 152 150 150 150 149 148 148 147 147 147 146 145 144 143 143 142 142 142 142 143 146 147 148 148 149 149 150 150 150 151 152 154 156 158 158 158 158 159 159 158 157 156 156 157 157 158 159 160 159 157 155 154 152 150 147 146 146 145 144 141 137 132
131 140 153 155 155 155 155 156 156 153 150 151 153 157 160 159 156 153 150 148 148 147 145 144 145 145 143 142 145 149 151 154 154 152 152 151 151 150 149 148 147 147 146 145 144 143 142 142 141 140 141 142 144 146 146 146 146 147 147 148 148 149 150 152 154 156 156 156 157 158 157 156 155 154 154 154 154 155 157 158 157 155 152 152 151 149 147 146 146 146 145 142 138 134
122 127 143 150 152 154 155 156 157 154 151 151 154 158 160 158 155 152 149 147 147 147 145 144 145 145 143 143 145 149 152 155 155 154 153 153 152 151 149 148 147 146 145 144 143 142 141 140 139 138 139 140 142 143 142 142 143 143 144 145 145 146 147 149 151 153 154 154 155 156 155 154 153 152 151 151 152 153 155 155 154 151 149 149 149 147 145 145 146 147 146 144 140 136
132 134 140 146 151 153 155 157 157 154 151 151 155 158 159 157 154 150 148 147 147 147 146 146 147 147 146 145 148 151 154 157 157 155 154 154 153 151 149 148 147 145 144 143 142 141 140 138 137 136 136 137 139 139 138 138 139 140 140 141 142 143 144 146 149 150 151 151 152 153 153 152 151 150 149 149 150 151 152 152 150 148 146 146 147 145 144 145 146 147 146 144 141 138
140 142 145 147 149 153 156 159 158 154 150 151 155 157 158 156 152 149 146 145 146 146 146 146 147 148 147 147 150 153 156 159 158 157 156 155 154 152 150 149 147 146 145 144 143 142 140 138 137 136 136 137 139 139 137 137 138 138 139 140 140 141 143 145 147 149 150 150 151 152 151 150 150 150 150 150 151 152 152 151 149 146 145 146 146 145 144 145 146 147 147 146 143 141
135 140 147 148 149 153 157 159 159 154 150 151 155 157 157 155 151 147 144 143 144 145 144 144 145 146 146 147 149 153 156 159 159 158 157 156 155 153 152 150 149 148 147 146 145 144 143 141 140 140 140 142 143 142 141 140 140 140 141 141 141 142 144 146 148 150 150 150 151 152 151 150 150 151 152 153 154 154 154 152 150 148 146 147 147 146 145 146 148 149 149 148 146 145
131 135 144 147 149 154 159 161 160 155 151 152 155 157 157 154 151 148 144 143 143 144 143 143 144 144 144 145 148 152 156 159 160 158 157 157 156 154 153 152 151 150 149 148 148 147 146 144 143 143 145 146 147 146 145 144 143 143 142 142 142 143 144 146 148 150 150 150 150 151 150 149 150 151 153 155 155 156 155 154 152 150 149 149 149 148 146 147 149 150 151 151 149 148
137 138 142 146 150 154 159 161 160 156 152 153 157 158 157 155 152 149 146 144 145 145 144 143 143 143 143 144 146 150 155 159 159 158 157 157 156 154 153 153 152 151 151 150 150 149 148 147 146 147 148 150 151 150 148 147 145 144 143 142 142 143 144 145 147 149 149 148 148 149 148 147 148 150 152 154 155 155 155 155 154 152 151 151 151 149 148 149 151 152 153 153 152 151
140 142 145 147 150 155 160 160 159 155 152 153 157 157 156 154 153 150 147 146 147 147 145 144 143 143 142 143 145 149 153 158 158 157 156 156 155 154 153 153 152 152 152 151 151 150 150 148 148 148 150 152 153 153 151 149 147 146 144 143 143 144 144 145 148 150 150 148 148 147 147 146 147 150 151 152 153 154 154 154 154 152 152 152 152 150 149 150 152 153 154 154 153 153
134 139 146 147 150 156 160 159 157 153 150 152 155 155 153 152 151 149 146 145 147 147 146 145 145 144 144 144 146 149 153 158 158 157 156 155 154 153 152 152 151 151 151 151 150 150 149 148 147 148 150 152 154 155 153 151 150 148 147 146 146 147 147 148 151 153 152 151 149 148 148 147 148 150 151 151 151 152 153 153 153 152 151 152 152 150 149 150 152 154 155 155 154 154
129 133 142 146 150 156 160 159 156 152 149 151 154 154 152 150 149 148 145 145 147 147 147 147 146 146 145 146 147 150 154 158 158 156 155 154 153 151 151 150 150 150 150 150 150 149 149 147 146 147 149 152 155 155 154 153 151 150 149 149 149 150 150 151 154 156 155 153 151 149 148 148 149 150 151 150 150 151 152 152 152 151 151 152 152 150 148 150 152 154 155 156 156 156
135 136 140 145 150 156 160 159 156 152 150 151 154 154 152 151 151 150 148 148 149 150 149 149 148 148 147 147 148 150 154 157 157 155 153 152 151 150 149 149 149 149 149 149 149 149 148 147 146 147 149 152 155 155 154 153 152 152 151 152 152 152 152 153 156 158 156 154 151 148 147 147 148 150 150 150 150 151 151 151 151 151 151 151 151 149 148 150 153 155 157 158 158 158
138 139 141 145 149 155 159 158 155 152 149 150 153 153 152 152 153 152 151 151 152 152 152 151 150 149 148 148 148 150 153 156 156 153 152 150 149 149 148 148 148 148 148 148 148 148 148 146 145 147 149 151 154 155 154 153 152 152 153 153 153 154 154 155 158 160 158 155 151 147 146 147 148 149 150 150 150 151 151 151 151 150 150 150 150 148 147 149 153 155 157 159 159 160
138 139 141 145 149 155 159 158 155 152 149 150 153 153 152 152 153 152 151 151 152 152 152 151 150 149 148 148 148 150 153 156 156 153 152 150 149 149 148 148 148 148 148 148 148 148 148 146 145 147 149 151 154 155 154 153 152 152 153 153 153 154 154 155 158 160 158 155 151 147 146 147 148 149 150 150 150 151 151 151 151 150 150 150 150 148 147 149 153 155 157 159 159 160
135 138 143 145 148 154 158 156 153 149 146 146 149 149 148 149 151 152 151 152 153 154 153 152 152 151 150 149 150 152 155 157 156 153 151 150 149 148 148 147 147 147 147 147 147 147 147 145 145 146 149 152 154 154 153 152 152 152 153 153 154 154 155 157 160 162 160 156 152 148 146 147 148 149 150 149 150 150 151 151 150 149 149 149 148 146 144 146 150 152 155 157 158 158
130 134 142 145 148 153 157 155 151 147 143 142 144 144 143 145 148 149 150 151 153 154 154 153 153 153 152 151 152 154 157 159 157 154 152 150 149 148 148 147 147 146 146 146 146 146 145 144 144 146 148 151 153 153 152 151 151 151 152 153 154 154 156 157 161 163 161 158 153 148 147 147 148 149 150 149 149 150 151 150 149 148 148 147 146 144 141 143 147 149 152 154 155 156
124 129 138 144 148 153 156 154 150 144 140 139 141 141 140 142 145 147 149 151 153 154 155 154 154 155 154 153 154 156 158 159 158 155 152 150 149 148 147 147 146 145 145 145 144 144 143 142 142 144 147 150 152 151 150 149 149 150 151 152 153 154 155 157 161 163 162 158 154 149 148 149 150 150 150 149 148 149 150 149 148 147 146 146 145 142 140 142 145 148 151 153 154 155
127 130 137 144 148 153 156 153 149 143 137 137 138 139 138 140 143 146 148 150 153 154 155 155 156 156 156 156 157 158 160 160 158 155 153 151 149 148 147 147 146 145 144 143 143 142 141 141 141 143 145 148 150 150 149 148 148 149 150 151 152 153 155 157 160 162 160 157 153 150 150 151 151 151 150 149 148 149 149 147 146 145 144 144 144 141 139 141 144 148 150 152 153 154
128 132 140 144 147 153 156 153 148 142 136 136 138 138 138 139 142 145 147 150 152 153 154 155 156 157 157 157 158 160 161 162 160 157 155 153 151 150 150 149 148 147 146 145 144 144 143 142 142 144 146 149 151 151 149 149 149 149 150 150 151 152 154 156 158 160 157 154 151 149 149 151 152 152 151 149 149 149 148 146 145 143 142 142 141 138 136 138 142 145 148 150 151 152
122 127 136 142 146 151 154 151 147 141 136 135 138 138 138 140 142 145 147 149 151 152 153 154 156 157 157 158 159 161 162 162 161 159 157 155 154 153 153 153 152 151 150 149 148 147 146 146 146 147 149 151 152 152 151 151 150 150 150 151 151 152 153 155 157 157 154 151 148 146 148 150 152 152 151 150 149 149 148 146 144 142 140 139 138 135 133 134 138 142 145 146 147 148
113 116 127 137 143 149 152 150 146 141 135 135 138 138 139 140 142 144 146 148 149 151 152 153 155 156 157 158 160 162 163 163 162 161 160 158 157 157 157 157 156 155 154 152 151 150 149 149 149 150 151 153 154 154 153 152 152 151 151 151 151 152 153 154 155 155 152 149 146 145 146 149 151 152 151 150 149 149 147 145 143 140 138 137 136 133 130 131 134 138 140 142 142 144
122 123 128 135 141 146 149 148 145 140 135 135 137 138 139 140 141 143 145 146 148 149 150 152 154 155 156 158 160 162 163 164 163 163 162 161 161 161 160 160 159 158 157 155 154 153 152 151 151 152 153 154 156 155 154 153 153 152 152 151 151 152 152 153 154 154 151 147 145 143 144 147 149 150 151 150 149 148 146 144 141 139 137 135 134 131 128 128 131 133 135 137 137 139
131 132 135 137 140 145 147 146 143 138 134 134 137 138 139 140 141 143 144 145 146 147 149 150 152 154 155 156 158 160 161 162 162 162 162 162 162 162 162 162 161 160 158 157 155 155 154 153 153 153 154 156 157 156 155 154 154 153 152 152 151 151 152 152 153 154 151 148 145 144 144 146 148 150 150 150 149 147 146 143 141 138 136 135 133 130 128 128 130 132 134 135 135 137
127 131 137 138 140 144 146 144 142 137 132 132 135 137 138 140 142 143 144 145 145 146 148 149 150 151 152 153 154 156 158 159 159 160 160 161 161 162 162 161 161 159 158 157 156 155 155 154 154 154 155 156 157 157 156 155 154 153 152 152 151 151 151 152 153 154 152 149 147 145 145 146 148 149 150 149 148 147 145 143 141 138 136 135 134 132 130 130 132 134 136 136 137 138
123 127 134 138 140 143 144 143 141 136 132 132 134 136 138 140 141 142 143 144 144 145 146 147 148 148 148 149 150 152 154 155 156 156 157 158 159 160 160 160 159 159 158 157 156 156 156 155 155 156 156 157 158 157 156 155 154 153 152 151 151 151 151 151 153 154 153 150 148 146 146 147 149 150 150 149 148 146 144 142 140 138 137 136 135 133 132 133 135 137 138 138 137 138
130 131 134 137 140 142 143 142 140 136 132 131 134 135 137 138 140 141 142 142 143 144 144 145 145 145 145 145 146 148 150 152 153 153 154 155 157 157 157 157 157 157 157 156 156 157 157 157 157 157 158 159 159 158 156 155 153 152 151 150 150 150 150 151 152 153 152 150 149 147 147 148 149 150 150 149 147 145 143 142 140 138 137 136 136 134 133 135 137 138 139 139 138 137
134 136 137 138 139 140 141 141 139 135 132 131 133 134 136 137 138 139 140 141 142 143 144 144 144 143 143 142 143 145 148 149 151 151 152 153 154 154 154 155 155 155 155 155 156 157 158 158 158 159 160 160 161 160 157 156 154 152 151 150 149 149 149 150 151 152 151 149 148 147 148 149 150 151 150 148 146 144 142 141 140 138 136 136 136 135 135 136 138 139 140 140 139 137
