WindNinja_Processing/data/medicine/vel.asc
ncols	132
nrows	153
xllcorner	524494.297235
yllcorner	3738115.816411
cellsize	54.720000
NODATA_value	-32768.000000
[rows 64 to 95 of 153, columns 0 to 70 of 132]
179.77 176.49 170.55 165.76 163.54 166.55 170.44 170.07 164.83 155.04 145.87 143.09 142.57 140.27 136.79 134.20 133.98 136.98 143.35 149.74 152.84 153.40 153.12 153.20 154.39 156.31 158.11 156.94 151.51 146.21 142.62 140.46 140.16 140.51 140.52 140.67 141.51 142.30 142.50 142.16 141.38 140.43 139.36 138.08 137.04 136.88 137.34 137.95 138.24 137.69 136.78 135.94 135.26 134.82 134.16 132.89 130.99 128.55 125.67 122.21 118.15 114.28 111.31 109.24 107.65 107.28 109.05 112.88 118.44 127.02 139.17
178.59 177.10 172.34 166.46 164.02 167.94 172.61 170.80 163.86 153.51 144.51 142.84 143.88 142.85 140.96 141.09 143.90 149.10 156.15 160.65 159.97 157.15 154.78 154.07 155.42 157.26 158.40 156.75 151.62 147.00 144.20 142.75 142.96 143.69 143.95 144.14 144.43 144.38 143.71 142.52 141.16 139.77 138.37 136.88 135.95 136.22 137.11 138.01 138.38 137.79 136.83 135.96 135.21 134.52 133.51 131.86 129.59 126.85 123.69 120.02 115.92 112.35 110.06 108.92 108.52 109.82 113.79 120.12 128.19 138.83 152.08
180.78 180.26 174.90 166.65 164.07 169.32 174.68 171.26 162.67 151.98 143.67 143.47 145.89 146.02 145.88 148.51 153.73 160.21 165.91 166.54 161.86 156.55 153.70 154.15 156.66 158.76 159.40 157.21 152.36 148.32 146.00 145.01 145.48 146.24 146.44 146.22 145.74 144.91 143.56 141.95 140.33 138.79 137.34 135.97 135.46 136.24 137.51 138.50 138.69 137.91 136.83 135.90 135.03 134.07 132.72 130.75 128.21 125.25 121.95 118.23 114.24 111.06 109.45 109.20 109.98 112.95 119.08 127.63 137.78 150.07 163.51
187.76 183.94 173.20 163.45 163.12 170.77 177.41 173.06 163.50 153.36 146.17 146.69 149.44 149.70 149.61 152.17 156.81 161.44 164.04 161.80 156.39 152.80 153.29 156.88 160.52 162.06 161.39 158.15 153.27 149.50 147.35 146.36 146.52 146.89 146.57 145.81 144.84 143.74 142.42 141.03 139.70 138.54 137.52 136.65 136.64 137.71 138.87 139.44 139.14 138.04 136.86 135.91 134.96 133.86 132.36 130.29 127.69 124.77 121.57 118.02 114.35 111.70 110.81 111.50 113.42 117.64 124.81 133.96 144.43 156.77 169.13
191.37 180.33 164.97 160.41 164.18 174.20 181.82 176.24 165.61 155.77 149.09 149.51 151.86 151.59 150.81 152.51 155.81 158.39 158.85 155.96 152.13 151.50 155.42 161.31 164.64 164.58 162.31 158.07 153.42 150.25 148.35 147.31 147.10 146.82 145.88 144.56 143.27 142.17 141.12 140.04 139.15 138.50 137.99 137.67 138.08 139.15 140.02 140.14 139.40 138.13 136.97 136.01 135.01 133.84 132.26 130.12 127.47 124.50 121.29 117.84 114.47 112.35 112.21 113.86 116.86 122.05 129.83 139.18 149.64 161.74 172.79
182.20 170.59 160.49 163.98 171.00 182.32 189.11 180.93 167.92 156.78 149.29 149.10 151.15 150.65 149.62 151.33 154.65 156.91 157.16 155.32 153.63 155.23 160.85 166.53 167.25 164.31 160.12 155.55 152.32 150.76 149.83 149.04 148.24 147.03 145.39 143.46 141.82 140.60 139.53 138.59 138.04 137.82 137.79 137.93 138.54 139.62 140.37 140.25 139.38 138.18 137.15 136.23 135.26 134.04 132.32 130.02 127.05 123.60 119.90 116.09 112.65 110.84 111.39 113.98 118.12 124.66 133.86 144.40 155.96 168.28 178.22
176.79 173.13 169.85 172.92 180.62 190.95 193.62 181.94 166.66 154.57 146.96 147.11 149.43 149.01 148.27 150.51 154.36 156.91 157.55 157.07 157.46 160.76 166.67 170.29 167.44 161.71 156.67 153.43 152.64 152.82 152.37 150.89 148.84 146.64 144.28 141.98 140.23 139.02 138.02 137.32 137.12 137.31 137.70 138.07 138.81 139.87 140.47 140.24 139.35 138.28 137.34 136.42 135.39 134.02 132.15 129.61 126.21 122.22 118.12 114.22 111.05 109.85 111.26 114.88 120.33 128.59 139.51 151.23 163.61 175.58 183.81
183.54 182.43 179.04 178.83 184.71 191.95 189.53 173.65 158.53 148.89 144.24 146.18 149.29 149.48 149.24 151.88 155.98 158.40 158.88 158.77 159.79 163.14 168.01 169.53 165.02 159.49 156.56 156.34 157.24 157.07 154.84 151.07 147.40 144.67 142.30 140.34 139.02 138.16 137.52 137.22 137.37 137.84 138.30 138.68 139.37 140.25 140.73 140.39 139.39 138.27 137.21 136.09 134.80 133.15 131.01 128.14 124.47 120.60 117.25 114.62 112.98 113.27 116.01 120.87 127.82 137.67 149.36 160.78 172.09 181.94 187.30
187.76 182.62 177.17 179.09 183.34 186.74 181.11 163.91 150.46 144.26 142.89 146.41 149.97 150.36 150.43 153.36 157.47 159.63 159.74 159.65 161.00 164.16 168.19 168.97 164.86 161.04 160.67 162.56 163.03 160.54 155.44 149.15 144.58 141.99 140.23 138.97 138.25 137.85 137.58 137.58 137.92 138.34 138.64 138.95 139.53 140.38 140.83 140.35 139.22 137.97 136.71 135.25 133.59 131.52 128.95 125.79 122.19 119.13 117.33 116.70 117.16 119.36 123.76 130.17 138.78 149.96 161.51 171.61 180.38 187.05 188.90
183.24 177.61 174.64 178.41 180.59 181.44 174.69 158.82 147.52 143.49 143.55 146.79 149.23 148.97 148.97 152.16 156.66 159.09 159.54 160.73 163.91 168.43 173.04 174.23 171.12 168.50 168.96 170.22 167.66 161.37 153.09 145.10 140.70 139.13 138.38 137.96 137.75 137.58 137.42 137.44 137.53 137.50 137.50 137.68 138.38 139.49 140.13 139.72 138.53 137.20 135.74 133.97 131.84 129.15 126.03 122.57 119.24 117.29 117.28 118.75 121.38 125.79 132.44 141.01 151.73 164.34 175.81 184.03 189.80 192.44 189.76
181.42 180.42 179.16 178.08 177.22 176.60 170.19 156.97 147.68 144.54 144.45 146.11 146.94 146.08 146.34 150.33 155.61 158.66 160.22 163.45 169.14 175.47 180.56 181.65 178.93 176.78 176.66 175.13 168.17 158.08 147.65 139.71 136.82 137.02 137.52 137.76 137.74 137.55 137.33 137.10 136.68 136.13 135.77 136.02 137.21 138.84 139.77 139.34 137.99 136.47 134.80 132.69 129.95 126.58 122.94 119.34 116.58 115.97 117.83 121.32 126.00 132.63 141.66 152.57 165.37 179.13 189.55 195.30 197.50 195.11 187.25
189.34 187.78 181.53 175.57 173.82 172.85 167.60 156.44 147.71 144.08 143.15 143.90 144.65 144.96 147.12 152.62 158.67 162.27 164.47 168.56 174.64 180.02 183.01 181.80 177.55 174.47 172.80 168.57 159.40 149.31 140.76 135.90 135.78 137.64 138.70 138.82 138.51 138.19 137.90 137.49 136.85 136.19 136.08 137.07 139.13 141.15 141.87 140.92 138.96 136.95 134.92 132.28 128.92 125.15 121.53 118.45 116.68 117.32 120.42 124.98 130.65 138.28 148.37 160.15 173.39 186.50 194.30 196.79 195.14 188.41 177.77
193.42 185.16 174.06 171.44 171.07 170.30 165.75 155.28 146.48 142.29 140.87 141.95 144.25 147.05 151.82 158.83 165.11 168.46 170.35 173.51 177.50 179.71 178.78 174.14 167.80 163.23 160.01 154.73 146.43 139.37 135.16 134.58 137.12 139.88 140.83 140.44 139.79 139.45 139.27 138.99 138.56 138.37 139.03 140.98 143.78 145.68 145.63 143.72 140.81 138.12 135.51 132.23 128.37 124.52 121.37 119.15 118.41 119.96 123.63 128.49 134.32 142.01 152.00 163.31 175.68 186.86 191.22 189.95 184.65 175.35 165.25
183.71 174.73 167.67 169.19 169.00 168.10 163.30 153.17 144.81 140.63 139.50 141.85 146.06 151.22 158.17 165.72 171.07 173.31 173.91 175.20 176.76 175.94 171.84 165.18 158.13 152.95 149.09 143.90 137.20 132.74 131.71 134.07 138.15 141.24 142.07 141.49 140.98 141.14 141.45 141.57 141.52 141.79 142.94 145.47 148.46 149.68 148.51 145.50 141.72 138.47 135.41 131.67 127.39 123.40 120.41 118.56 118.39 120.49 124.63 129.91 136.11 144.24 154.61 165.84 177.48 186.66 187.52 182.55 174.20 163.68 155.43
177.37 174.72 171.41 169.45 167.63 165.86 160.49 150.91 143.07 139.26 139.23 143.43 149.84 157.18 165.23 171.84 175.21 175.54 174.35 173.71 173.09 170.10 164.29 157.07 150.59 145.85 141.96 137.12 131.67 128.80 129.74 133.84 138.70 141.87 142.70 142.29 142.42 143.41 144.42 144.95 145.11 145.51 146.86 149.58 152.24 152.37 149.98 146.02 141.66 138.16 134.95 130.88 126.17 121.78 118.53 116.67 116.79 119.38 124.10 130.02 137.14 146.56 158.19 169.94 180.88 187.59 184.70 176.37 165.76 154.87 148.69
180.84 179.74 175.14 170.02 167.09 164.05 158.26 149.30 142.23 139.62 141.42 147.49 155.23 163.07 170.31 174.74 175.78 174.50 172.14 170.30 168.50 164.53 158.19 151.43 145.95 141.72 137.86 133.20 128.79 127.38 130.01 135.61 141.01 144.05 144.81 144.54 145.04 146.38 147.43 147.67 147.45 147.71 149.11 151.86 154.10 153.34 150.16 145.80 141.40 138.01 134.81 130.57 125.67 121.33 118.55 117.57 118.80 122.50 128.14 134.92 143.25 154.04 166.26 177.21 185.73 188.46 181.74 171.19 159.73 149.59 145.56
182.21 178.08 172.29 169.73 166.85 162.76 156.57 148.50 143.11 142.65 146.63 153.53 160.61 166.87 171.82 173.77 173.08 170.99 168.29 166.25 164.39 160.50 154.60 148.69 144.14 140.46 136.48 132.00 128.89 129.04 133.29 140.38 146.05 148.58 148.94 148.44 148.73 149.56 149.74 148.90 147.82 147.72 149.09 151.88 153.92 152.71 149.36 145.23 141.23 138.09 134.98 130.83 126.38 123.22 122.34 123.64 127.19 132.82 139.78 147.54 156.91 168.13 178.88 186.52 190.43 188.24 178.63 167.34 156.46 147.89 145.80
176.85 172.81 169.59 169.13 166.01 161.13 154.67 148.24 145.22 147.09 152.87 159.65 165.16 169.48 172.36 172.42 170.30 167.40 164.30 162.07 159.90 156.01 150.36 145.18 141.72 138.89 135.39 131.98 130.83 133.11 139.31 147.82 153.20 154.59 154.01 152.83 152.38 152.32 151.44 149.53 147.75 147.45 148.88 151.78 153.85 152.46 149.05 145.09 141.17 137.86 134.52 130.47 126.94 125.75 127.66 132.10 138.74 146.98 155.77 164.67 174.56 184.83 192.25 194.99 193.48 186.81 175.21 163.72 153.33 146.18 146.14
173.50 172.44 170.90 168.50 164.35 158.85 152.88 148.88 148.41 152.39 159.41 165.47 169.37 172.22 173.49 171.79 168.15 164.07 160.00 156.97 153.93 149.45 143.81 139.50 137.45 136.04 133.89 132.59 134.67 140.30 149.02 158.46 162.25 161.46 159.25 156.89 155.48 154.49 152.71 150.12 148.13 148.05 149.74 152.89 155.06 153.46 149.88 145.68 141.07 136.67 132.38 128.09 125.73 127.40 133.27 141.92 152.70 164.67 176.30 186.86 196.55 203.66 205.42 201.89 194.71 183.86 170.53 158.37 148.00 142.30 145.22
174.24 174.10 172.19 168.21 163.37 157.64 152.75 150.83 152.18 157.45 164.69 169.44 171.81 173.25 172.88 169.65 164.88 160.08 155.61 151.97 148.46 144.04 139.11 136.09 135.58 135.46 134.43 135.02 139.60 147.40 157.09 165.02 165.68 162.67 159.49 156.84 155.33 154.18 152.29 149.82 148.29 148.76 150.83 154.24 156.44 154.63 150.82 146.22 140.91 135.87 131.53 128.18 128.00 132.88 142.24 154.02 167.61 181.64 194.07 203.97 210.56 211.90 207.31 199.02 188.61 176.13 163.15 152.20 143.67 140.94 147.61
174.51 173.92 172.26 169.18 164.43 158.82 154.49 153.35 155.25 160.57 167.13 170.34 170.98 170.87 169.17 165.17 160.37 155.97 152.05 148.88 146.11 142.85 139.52 138.07 138.44 138.57 137.65 138.28 142.43 148.92 156.22 160.50 158.26 154.35 152.02 150.83 150.77 150.78 149.94 148.54 148.03 149.23 151.66 155.27 157.50 155.42 151.33 146.56 141.57 137.90 136.01 135.77 138.64 145.60 155.39 166.40 178.52 189.96 198.34 202.99 203.29 198.42 190.36 181.92 173.06 163.44 154.64 148.33 144.76 146.66 156.61
174.26 174.02 173.21 170.60 165.92 160.27 155.93 155.17 157.29 162.49 168.56 170.20 168.88 167.33 164.73 160.60 156.35 152.61 149.50 147.12 145.28 143.27 141.32 140.77 141.28 141.10 139.57 139.18 141.75 146.02 150.68 152.55 149.05 145.32 144.24 144.75 146.30 147.68 148.08 147.85 148.34 150.24 153.01 156.78 158.92 156.42 152.04 147.47 143.77 142.73 144.37 147.76 153.46 161.41 170.00 178.30 186.72 193.22 195.37 193.34 187.63 179.05 170.52 163.82 157.81 152.12 148.30 147.32 149.02 155.26 167.62
175.54 176.03 175.56 172.08 166.64 160.54 156.35 156.33 159.06 164.53 170.04 169.76 166.37 163.45 160.26 156.44 152.88 149.84 147.35 145.43 144.16 142.81 141.41 141.02 141.12 140.19 137.75 136.12 137.23 140.01 143.38 144.85 142.00 139.29 139.35 141.19 143.96 146.40 147.90 148.76 150.32 153.12 156.53 160.43 161.90 158.24 153.00 148.54 146.86 149.89 156.63 164.76 173.67 182.31 189.22 194.20 197.62 197.35 191.88 182.93 172.32 161.92 154.14 149.05 145.11 142.82 143.88 148.24 155.03 165.48 180.49
178.26 179.21 177.96 172.46 166.08 160.04 156.52 157.45 160.96 166.56 171.09 168.98 164.00 160.27 157.15 154.01 151.13 148.56 146.14 144.32 143.24 142.20 141.04 140.42 139.92 138.37 135.18 132.48 132.47 134.40 137.50 140.03 139.15 137.88 138.85 141.43 144.71 147.58 149.61 151.05 153.22 156.58 160.26 163.59 163.39 158.21 152.49 148.97 150.28 157.95 169.39 180.86 190.91 198.23 202.34 203.56 201.38 194.25 182.65 169.63 157.47 148.21 142.91 140.05 138.39 139.56 145.02 153.67 164.12 177.25 193.52
184.05 182.90 177.25 169.73 164.07 159.18 156.92 158.92 163.00 168.43 172.13 169.14 163.82 160.40 158.06 155.50 152.53 149.44 146.43 144.14 142.91 141.94 140.77 140.07 139.54 138.11 135.07 132.45 132.64 135.10 139.24 143.68 144.74 144.25 145.10 147.16 149.67 151.78 153.12 153.89 155.32 157.79 160.31 161.97 160.03 154.43 150.06 149.19 153.62 163.34 174.51 183.52 189.70 193.06 194.09 192.58 187.47 178.25 167.35 157.61 150.19 145.97 144.55 144.23 144.93 148.46 155.44 164.23 173.84 185.32 198.90
187.29 181.31 171.49 165.99 162.22 158.72 157.82 160.96 165.72 171.20 174.58 171.32 166.00 162.89 160.91 158.14 154.36 150.33 146.43 143.58 142.19 141.24 140.22 139.74 139.53 138.64 136.24 134.40 135.63 139.34 144.96 150.95 153.03 152.71 153.06 154.25 155.71 156.73 156.98 156.57 156.60 157.45 158.26 158.14 155.16 150.18 147.67 149.32 155.77 165.53 174.18 178.87 180.14 179.55 178.06 174.95 169.29 161.79 155.18 151.13 149.78 150.79 152.83 154.75 157.32 161.91 168.30 174.97 181.66 189.64 198.85
180.83 174.05 166.42 163.71 160.76 158.44 159.18 164.39 170.93 177.22 180.34 176.54 170.76 167.21 164.51 160.43 155.03 149.51 144.60 141.38 140.04 139.34 138.61 138.50 138.80 138.49 136.71 135.77 138.19 143.24 150.21 157.27 159.84 159.49 159.57 160.31 161.18 161.52 160.98 159.49 158.04 157.16 156.29 154.69 151.17 146.93 145.59 148.70 156.47 166.40 173.68 175.92 174.21 170.94 167.41 163.02 157.53 152.46 149.88 150.40 153.61 158.46 163.16 167.01 171.02 175.90 180.96 185.17 188.90 193.07 197.08
176.38 173.60 168.21 163.33 160.15 159.20 162.22 170.06 178.46 184.81 186.23 180.82 174.28 170.02 166.11 160.34 153.27 146.68 141.52 138.62 137.82 137.53 137.19 137.59 138.39 138.63 137.44 137.30 140.91 147.29 155.41 163.08 165.53 164.82 164.59 165.01 165.47 165.21 163.78 161.07 158.09 155.71 153.64 151.23 147.78 144.51 144.24 148.63 157.73 167.73 173.57 173.52 169.06 163.42 158.32 153.33 148.84 146.65 147.91 152.21 158.80 166.10 172.19 177.00 181.46 185.46 188.37 189.99 190.88 191.08 190.03
178.60 176.84 170.85 164.50 162.04 162.94 168.12 176.78 184.05 187.38 184.92 177.05 169.82 165.24 160.75 154.53 147.79 142.42 138.87 137.56 137.79 138.08 138.28 139.13 140.27 140.73 139.72 139.98 144.23 151.26 159.74 167.18 168.91 167.46 166.74 166.72 166.57 165.42 162.91 159.10 155.34 152.77 150.97 149.06 146.62 144.78 145.64 151.31 161.42 170.38 173.36 169.88 162.26 154.82 149.41 145.26 142.64 142.85 146.01 151.35 158.32 165.18 170.16 173.80 176.80 178.80 179.83 180.26 180.03 178.63 176.28
179.62 175.84 169.50 166.05 165.60 168.38 174.63 181.85 185.63 184.28 177.77 168.36 161.06 156.55 152.25 146.95 142.02 139.04 137.90 138.43 139.59 140.37 140.98 142.09 143.18 143.48 142.46 142.92 147.62 155.00 163.40 170.28 171.07 168.69 167.26 166.56 165.55 163.39 159.90 155.43 151.74 149.98 149.41 148.80 147.88 147.58 149.49 156.15 166.43 172.79 171.45 163.86 153.01 144.93 140.61 138.02 137.21 138.77 142.25 146.90 152.57 157.48 159.92 161.05 161.73 161.86 162.16 162.83 163.07 162.55 162.35
176.42 172.85 169.01 168.34 169.31 173.34 179.39 184.04 184.06 178.90 170.01 160.60 153.87 149.64 145.96 141.92 138.91 137.87 138.50 140.11 141.65 142.54 143.21 144.05 144.54 144.35 143.24 144.40 150.56 159.27 168.16 174.52 174.23 170.81 168.47 166.88 164.81 161.53 157.14 152.33 149.10 148.47 149.35 150.24 151.02 152.46 155.61 162.84 171.75 173.54 166.59 154.47 140.90 132.66 129.55 128.87 129.70 132.44 136.52 141.05 145.87 148.91 148.63 147.14 145.84 144.97 145.49 147.04 148.25 149.45 152.39
175.44 174.66 172.97 171.60 172.70 177.19 182.40 184.11 180.70 172.88 162.83 154.26 148.57 144.96 142.10 139.45 137.97 138.26 139.89 141.90 143.33 144.05 144.43 144.55 144.11 143.28 142.48 145.29 153.94 164.63 173.89 178.84 176.72 171.99 168.73 166.21 163.09 158.92 154.06 149.37 146.87 147.87 150.27 152.67 155.27 158.52 162.94 169.98 175.21 170.73 158.20 142.45 127.65 120.08 118.41 119.29 121.95 126.35 131.40 136.15 140.01 140.77 137.73 134.10 131.75 131.13 132.83 135.71 138.32 141.89 148.34
