WindNinja_Processing/data/medicine/vel.asc
ncols	132
nrows	153
xllcorner	524494.297235
yllcorner	3738115.816411
cellsize	54.720000
NODATA_value	-32768.000000
[rows 96 to 127 of 153, columns 0 to 70 of 132]
180.52 179.78 176.54 173.83 175.23 179.80 183.98 183.09 177.36 168.17 157.93 150.55 146.09 143.16 140.90 139.00 138.17 138.90 140.72 142.49 143.50 143.92 143.90 143.39 142.52 141.99 142.55 147.55 157.96 168.66 176.02 177.68 172.81 166.95 163.32 160.55 157.33 153.41 149.23 145.21 144.15 146.80 150.53 153.91 157.46 161.26 165.50 170.73 171.30 161.71 147.29 132.13 119.57 114.07 113.90 116.04 119.98 125.54 130.81 134.80 136.72 135.05 130.58 126.95 125.84 127.34 131.04 135.35 139.62 145.56 154.39
184.05 180.19 175.24 174.84 177.22 181.83 185.10 182.18 174.88 165.13 155.63 149.58 146.04 143.37 141.19 139.37 138.51 139.08 140.54 141.79 142.26 142.21 141.79 141.08 140.64 141.16 143.53 150.12 160.02 167.98 171.30 168.91 161.92 155.87 152.67 150.59 148.34 145.70 142.68 140.31 140.87 144.71 149.28 153.11 156.44 159.29 161.73 164.16 161.33 149.95 137.25 125.91 117.54 114.60 115.60 118.50 123.16 128.80 133.21 135.56 135.30 132.30 128.71 127.47 129.44 134.04 139.70 145.11 150.91 158.58 167.86
181.53 177.65 175.61 178.11 180.71 185.04 187.10 182.02 172.89 162.49 153.55 148.35 145.55 143.22 141.18 139.52 138.76 139.19 140.36 141.07 140.79 140.10 139.26 138.57 138.67 140.07 143.49 149.96 157.32 161.25 160.48 155.40 148.27 143.31 141.19 140.32 139.44 137.87 136.19 135.25 137.19 142.19 147.45 151.65 154.69 156.29 156.84 157.04 152.50 141.30 130.16 121.69 116.10 114.75 116.42 119.75 124.74 129.96 133.18 133.99 132.42 129.75 128.70 130.83 136.20 143.65 150.67 156.72 163.69 172.35 180.97
182.52 182.92 183.97 184.66 186.30 189.74 189.50 181.44 170.18 159.21 150.44 146.01 144.12 142.41 140.86 139.68 139.22 139.72 140.63 140.61 139.41 137.96 136.72 136.18 136.88 138.77 142.11 146.70 149.89 149.36 145.55 139.72 134.44 131.76 131.24 131.82 132.07 131.72 131.12 131.09 134.04 140.13 146.19 150.66 153.43 154.09 153.23 151.94 146.54 135.77 125.33 118.10 113.68 112.90 114.70 118.16 123.15 127.60 129.51 129.16 127.40 126.62 129.32 135.38 144.06 153.62 161.09 167.19 174.80 183.83 191.32
194.04 193.73 190.76 187.99 188.96 190.57 187.38 176.68 164.51 154.14 146.56 143.68 143.09 142.18 141.14 140.36 140.19 140.69 141.27 140.68 138.93 137.23 136.26 136.39 137.69 139.74 142.34 144.31 143.69 140.46 136.00 131.84 129.63 129.41 130.38 132.20 133.66 134.01 133.57 133.34 136.12 142.25 148.29 152.25 153.89 153.31 151.59 149.35 143.54 133.34 124.07 117.91 114.34 113.97 115.86 119.39 124.31 128.08 129.31 128.90 128.34 130.36 136.53 145.27 155.42 164.88 171.21 176.50 184.01 192.63 198.31
201.66 193.46 184.61 184.58 185.16 184.36 178.83 167.26 156.54 148.23 143.19 142.38 143.02 142.75 142.11 141.68 141.73 142.26 142.69 142.02 140.57 139.64 139.71 140.82 142.67 144.61 146.23 146.54 144.81 142.00 139.58 138.48 138.92 140.11 142.02 144.79 146.63 146.57 145.15 143.61 145.09 150.01 154.75 157.07 156.97 155.26 152.90 150.18 144.63 135.53 127.83 122.98 120.53 121.01 123.52 127.52 132.56 136.42 138.22 139.10 140.68 144.99 152.39 160.84 169.32 176.17 180.10 183.81 190.37 197.72 200.87
193.19 184.16 178.32 181.02 179.59 176.90 170.09 159.22 150.01 143.80 141.06 141.81 143.29 143.59 143.41 143.50 144.06 144.82 145.35 145.03 144.31 144.34 145.55 147.67 149.98 151.89 153.13 153.13 151.93 150.62 150.40 151.57 153.25 154.61 156.45 159.03 160.53 159.49 156.74 153.90 154.18 157.96 161.46 162.31 161.00 158.79 156.28 153.30 148.04 140.26 134.12 130.66 129.52 131.17 134.74 139.65 145.10 149.76 152.55 154.73 157.87 163.19 170.22 177.04 182.95 186.96 188.67 190.61 195.55 200.90 200.85
186.96 185.16 182.85 179.66 174.94 170.87 163.68 153.85 146.04 141.29 139.77 141.24 143.34 144.36 145.03 146.16 147.70 149.19 150.30 150.58 150.59 151.51 153.71 156.75 159.81 162.30 163.89 164.27 163.82 163.53 164.37 166.20 167.55 167.90 168.70 170.18 170.31 168.08 163.89 160.06 160.02 163.87 167.17 167.57 166.02 164.04 161.92 159.06 154.04 147.31 142.36 140.04 140.29 143.67 149.28 155.66 162.37 167.72 170.92 173.52 177.15 182.50 188.56 193.62 197.28 199.05 199.08 199.41 202.13 204.06 199.35
188.72 189.30 186.24 178.37 171.79 166.81 159.68 151.03 144.62 140.73 139.52 141.27 143.87 145.56 147.06 149.06 151.31 153.28 154.64 155.19 155.63 157.09 160.01 163.83 167.50 170.39 172.27 172.95 173.13 173.74 175.27 176.98 177.38 176.55 176.31 176.67 175.46 172.05 167.11 163.18 163.73 168.02 171.05 170.81 168.85 166.93 164.96 161.82 156.51 150.31 146.34 145.17 147.03 152.52 160.49 168.46 175.99 181.17 184.12 186.80 190.70 195.86 200.81 204.18 205.94 206.05 204.93 204.15 204.69 202.64 193.49
191.81 190.08 184.36 176.98 171.21 165.82 158.84 151.38 145.81 141.92 140.67 142.66 145.54 147.48 149.07 150.87 152.67 153.90 154.45 154.40 154.59 156.15 159.40 163.41 166.80 169.20 170.55 170.97 171.58 172.96 175.02 176.74 176.79 175.88 175.82 176.22 174.82 171.31 166.96 164.03 165.24 168.94 170.29 168.02 164.40 161.47 158.53 154.08 147.84 142.00 139.22 139.48 142.81 149.71 158.65 167.19 174.31 178.62 181.11 184.12 188.63 193.95 198.23 200.53 201.35 200.81 199.40 198.33 197.75 193.82 183.79
193.34 188.12 179.95 174.89 170.46 164.82 158.14 151.77 146.80 143.22 142.50 144.78 147.56 149.23 150.38 151.61 152.63 152.91 152.47 151.72 151.67 153.25 156.59 160.42 163.08 164.63 165.40 165.93 167.41 169.88 172.76 174.89 175.08 174.29 174.43 175.03 173.63 170.10 166.22 163.74 164.60 166.58 165.48 160.87 155.59 151.80 148.10 142.56 135.71 130.51 128.79 130.23 134.78 142.70 152.09 160.78 167.47 171.46 174.05 177.48 182.48 187.72 191.05 192.29 192.48 191.83 190.83 190.16 189.51 185.77 177.51
187.64 182.14 175.18 171.78 167.06 161.44 155.59 150.45 146.68 144.31 144.28 146.55 148.97 150.24 151.04 151.86 152.43 152.14 151.14 150.26 150.45 152.31 155.79 159.09 160.59 161.17 161.84 163.65 167.83 173.16 177.98 180.80 180.67 179.15 178.43 177.99 175.35 170.60 165.89 162.38 161.30 160.40 156.41 149.68 143.53 140.15 136.99 131.36 124.55 120.18 119.39 121.79 127.62 136.92 147.38 157.11 164.55 169.58 173.36 177.75 182.98 186.99 187.87 186.84 185.89 185.49 185.77 186.37 186.49 183.79 177.77
181.97 179.46 174.67 169.47 163.82 158.71 154.04 150.35 148.13 146.58 146.44 148.19 150.07 151.01 151.58 152.09 152.22 151.45 150.19 149.49 150.17 152.46 155.81 158.18 158.45 158.39 159.80 164.37 172.09 179.95 185.56 187.32 185.51 182.77 180.99 179.19 175.16 169.35 163.99 159.39 156.27 152.68 146.55 138.93 133.36 131.37 129.18 123.54 116.73 113.06 113.20 116.74 124.11 134.77 146.07 156.42 164.93 171.12 175.93 180.68 184.82 185.88 183.49 180.51 179.53 180.92 183.48 185.49 186.19 184.28 180.03
179.59 178.71 175.24 169.41 163.94 159.78 156.19 153.68 152.06 150.18 149.26 150.17 151.52 152.22 152.55 152.75 152.58 151.66 150.43 150.01 151.00 153.28 156.17 157.83 157.85 158.52 162.12 169.58 178.49 184.94 187.14 184.71 180.06 176.46 174.61 172.74 168.73 163.48 159.00 155.21 152.36 148.91 143.72 138.15 134.92 134.22 132.01 125.63 118.45 115.30 116.42 121.20 129.96 141.23 152.10 161.64 169.54 175.01 178.46 180.90 181.57 179.11 175.15 173.08 174.88 179.77 184.30 186.29 186.18 183.61 179.36
177.47 177.15 174.84 170.10 165.60 162.33 159.70 157.93 156.23 153.73 152.00 152.16 153.10 153.50 153.51 153.42 153.18 152.35 151.32 151.19 152.40 154.64 157.19 158.70 159.32 161.28 166.97 175.97 183.50 185.95 183.08 176.29 169.79 166.32 165.19 164.20 161.27 157.42 154.48 152.41 151.11 149.21 146.11 143.20 142.05 141.61 138.53 131.31 124.17 122.08 124.64 130.90 140.94 152.12 161.45 168.97 174.81 177.91 178.44 177.40 174.43 169.84 166.57 167.12 172.67 180.82 185.94 186.64 184.89 180.89 175.86
175.63 175.50 173.43 169.30 165.80 163.31 161.47 160.27 158.70 155.94 153.68 153.44 154.06 154.08 153.78 153.58 153.38 152.69 151.96 152.31 154.10 156.75 159.52 161.47 162.87 165.77 172.60 181.36 185.74 183.79 177.01 168.05 161.95 159.93 160.15 160.32 158.46 155.68 153.76 152.88 152.59 151.57 149.64 148.07 147.41 145.91 141.31 133.31 126.95 127.44 133.30 142.50 154.26 164.58 171.20 175.56 178.19 177.93 175.07 170.88 165.57 160.87 159.94 163.71 172.62 182.76 186.96 185.63 182.22 177.08 171.73
173.18 172.57 170.92 168.39 165.77 163.97 162.98 162.16 160.61 157.61 154.94 154.36 154.63 154.33 153.89 153.67 153.53 153.05 152.67 153.62 156.14 159.40 162.63 165.09 167.13 170.63 177.53 184.30 184.51 178.60 169.47 160.45 156.31 156.55 158.30 159.28 157.90 155.75 154.52 154.49 154.86 154.38 153.11 152.03 150.79 147.47 141.27 132.96 128.15 132.15 142.20 154.54 166.89 174.62 177.54 178.45 177.67 174.08 168.40 162.27 156.58 153.94 156.65 163.81 175.25 185.75 187.66 183.88 178.98 173.07 167.80
167.12 168.32 170.87 170.72 168.23 167.07 166.77 165.90 163.86 160.14 156.59 155.38 155.34 154.89 154.43 154.32 154.40 154.14 154.05 155.40 158.20 161.49 164.52 166.74 168.56 171.64 177.63 181.90 178.69 170.91 162.07 154.85 153.01 154.86 156.88 157.40 155.67 153.53 152.79 153.42 154.32 154.24 153.38 152.50 150.80 146.82 140.80 133.97 131.26 136.93 147.70 159.25 168.83 172.68 172.83 172.26 170.49 166.29 160.80 155.98 152.95 153.98 159.83 168.58 180.29 189.18 188.16 182.33 176.51 170.41 165.64
164.29 170.43 177.42 176.08 173.21 172.49 172.15 170.52 167.32 162.42 157.90 156.16 156.00 155.61 155.34 155.47 155.73 155.64 155.75 157.15 159.76 162.56 164.83 166.16 166.97 168.96 173.65 176.01 170.93 162.99 155.70 150.38 150.20 152.52 154.08 153.77 151.47 149.45 149.22 150.50 151.97 152.23 151.71 151.09 149.54 146.03 141.34 136.55 135.01 139.71 147.73 155.37 160.65 161.45 160.84 160.91 160.25 158.03 155.54 154.30 155.36 159.94 167.35 175.73 185.95 192.39 188.77 181.41 175.03 169.00 164.91
173.49 180.32 185.86 182.24 179.38 178.39 177.27 174.17 169.32 163.16 157.87 155.95 156.06 155.97 155.96 156.29 156.69 156.76 157.03 158.53 161.08 163.52 165.09 165.43 165.20 166.03 169.46 170.38 163.88 155.35 148.56 144.10 145.09 148.18 149.87 149.45 147.58 146.48 147.24 149.53 151.78 152.44 152.16 151.71 150.22 146.93 142.84 138.65 136.49 138.56 142.74 146.50 148.99 149.22 149.69 151.26 152.32 152.57 153.31 155.80 160.30 167.25 175.06 182.41 190.83 194.96 189.19 180.38 173.17 167.03 163.55
182.63 186.80 190.17 187.62 184.93 183.21 180.62 175.61 169.14 161.92 156.29 154.82 155.59 155.93 156.21 156.73 157.28 157.54 158.05 159.79 162.40 164.57 165.37 164.68 163.50 163.44 165.77 165.23 157.13 147.64 140.44 136.76 139.15 143.51 145.89 145.99 145.22 145.60 147.71 151.08 153.86 154.57 154.24 153.65 151.85 148.29 144.04 139.39 135.44 133.91 133.95 134.74 136.70 138.92 141.98 145.54 148.32 150.81 154.32 159.67 166.69 174.77 182.06 188.06 194.63 196.37 188.51 178.32 170.32 164.18 161.25
192.59 192.90 190.85 187.00 184.53 182.07 178.25 172.21 165.31 158.47 154.07 153.95 155.51 156.24 156.69 157.24 157.87 158.25 158.89 160.77 163.19 164.76 164.57 162.92 161.19 160.75 162.35 160.78 152.20 143.11 137.00 135.25 139.18 144.20 146.53 146.43 145.90 146.76 149.15 152.40 154.61 154.55 153.62 152.49 150.15 146.33 142.14 137.34 132.47 129.17 127.45 127.96 132.10 137.72 143.17 147.75 150.93 154.08 158.78 165.28 173.04 180.58 186.37 190.77 195.52 195.03 185.69 175.15 167.46 161.93 160.11
199.74 192.84 183.79 180.25 177.68 174.72 170.86 165.17 159.42 154.74 152.64 153.96 156.11 156.94 157.29 157.70 158.27 158.66 159.28 160.94 163.00 163.72 162.53 160.25 158.58 158.43 159.89 158.35 151.01 144.05 140.77 141.68 146.47 150.70 151.58 149.95 148.36 148.45 149.83 151.72 152.41 150.97 149.02 147.15 144.40 140.75 137.08 132.93 129.10 127.41 127.78 131.18 139.10 147.47 153.39 157.02 158.74 160.71 164.73 170.51 177.28 183.14 187.11 190.04 193.33 191.53 182.03 172.41 166.03 161.78 160.84
193.46 185.19 177.11 175.34 171.22 168.12 164.58 159.56 155.33 152.66 152.21 154.28 156.48 157.18 157.34 157.73 158.29 158.61 159.05 160.24 161.53 161.56 159.84 157.65 156.71 157.36 159.28 158.54 153.14 148.59 147.80 150.46 154.64 156.63 155.20 151.73 149.10 148.59 149.12 149.78 149.14 146.54 143.70 141.33 138.57 135.32 132.37 129.36 127.46 128.67 132.51 139.42 150.30 159.47 164.05 165.57 165.27 165.77 168.90 173.81 179.47 184.32 187.15 189.13 191.45 189.14 180.29 171.85 166.35 162.90 161.93
186.70 184.56 180.04 173.69 167.58 164.43 161.00 156.68 153.63 152.10 152.38 154.40 156.28 156.78 156.91 157.30 157.81 157.96 158.06 158.63 159.18 158.60 156.72 155.32 156.10 158.11 160.93 161.34 158.00 155.65 156.65 159.41 161.02 159.46 155.24 150.15 147.18 146.85 147.22 147.23 145.78 142.52 139.26 136.81 134.38 131.74 129.61 127.80 128.03 132.61 140.48 150.76 162.86 170.22 171.51 170.04 167.72 167.35 170.38 175.25 180.77 185.65 188.23 189.81 191.51 188.96 180.91 173.32 168.22 164.65 162.69
186.73 186.47 182.04 173.15 166.47 162.88 159.21 155.54 153.25 152.20 152.51 154.11 155.59 156.10 156.29 156.70 157.12 157.08 156.83 156.95 157.04 156.27 154.73 154.33 156.39 159.57 162.86 163.82 161.53 160.23 161.41 162.56 161.06 156.86 151.46 146.56 144.58 144.97 145.26 144.67 142.67 139.20 135.98 133.73 131.71 129.56 127.90 126.92 128.66 135.69 146.34 158.39 169.27 172.94 170.98 167.91 165.53 166.19 170.36 175.93 182.01 187.32 190.01 191.17 192.03 188.93 181.04 173.46 168.09 163.62 160.51
185.68 184.25 179.94 173.29 167.25 162.87 158.75 155.46 153.47 152.13 151.91 153.13 154.57 155.30 155.70 156.14 156.52 156.35 155.97 155.98 156.07 155.59 154.62 154.81 156.92 159.54 162.17 162.45 159.13 156.46 155.90 154.89 152.03 148.44 145.21 143.07 143.07 144.02 143.93 142.66 140.25 136.83 133.78 131.74 129.98 127.94 126.26 125.26 126.76 133.20 142.78 153.03 161.14 162.18 160.03 159.15 160.10 164.03 170.33 177.12 184.19 189.94 192.03 191.99 191.34 186.90 177.83 169.35 162.59 156.84 153.49
182.92 181.52 177.82 172.31 166.60 161.90 157.79 154.92 153.11 151.51 151.12 152.33 153.90 154.73 155.18 155.60 155.87 155.63 155.25 155.26 155.44 155.15 154.41 154.51 156.00 157.61 158.92 157.94 153.35 149.25 147.15 145.10 142.69 141.02 140.43 140.72 141.87 142.69 141.90 139.93 137.23 133.94 131.07 129.20 127.59 125.50 123.55 121.96 122.29 126.92 134.18 141.93 148.07 148.98 148.82 151.29 156.05 163.16 171.46 179.49 187.49 193.28 194.15 192.23 189.39 182.97 172.59 162.94 154.94 148.62 145.99
178.71 177.83 174.42 168.50 162.70 158.18 154.75 152.95 152.16 151.27 151.11 152.35 153.72 154.35 154.66 154.92 155.08 154.81 154.32 154.18 154.14 153.57 152.56 152.24 153.16 154.04 154.33 152.18 146.52 141.40 138.52 136.80 136.09 136.60 137.99 139.37 140.14 139.60 137.44 134.60 131.70 128.59 125.82 124.09 122.79 121.01 119.20 117.17 116.13 118.39 122.88 128.57 134.50 137.51 140.59 146.43 154.51 164.44 174.67 184.04 192.78 197.93 196.82 192.52 187.07 178.26 166.36 155.61 146.81 140.66 139.56
174.13 172.92 169.94 165.11 159.76 155.88 153.76 153.32 153.59 153.01 152.21 152.73 153.61 153.91 154.02 154.21 154.31 153.91 153.29 152.90 152.47 151.55 150.25 149.67 150.21 150.59 149.89 146.50 140.09 134.60 132.09 132.15 133.90 136.34 138.58 139.49 138.65 136.38 133.21 130.11 127.59 124.98 122.48 121.13 120.51 119.25 117.37 114.52 111.72 111.16 112.85 117.25 124.73 131.66 138.61 147.46 158.12 169.90 181.02 190.68 198.75 201.63 197.51 190.50 182.38 171.30 158.42 147.49 139.02 134.27 135.34
165.35 166.40 168.71 166.90 161.92 159.15 158.32 158.47 158.21 156.23 153.73 153.09 153.37 153.42 153.43 153.53 153.48 153.02 152.31 151.75 151.25 150.35 149.24 148.78 149.24 149.30 147.76 143.71 137.87 133.78 133.40 136.10 139.44 141.64 142.30 140.99 138.54 136.08 133.78 132.11 130.99 129.37 127.56 126.85 126.77 125.27 122.29 117.86 113.47 111.63 112.66 117.85 128.27 138.75 147.81 157.57 168.54 179.68 189.15 196.48 201.35 200.28 192.67 183.30 173.23 161.24 149.48 140.64 134.73 132.74 135.72
160.22 166.90 174.26 171.11 165.95 164.11 163.85 163.60 162.08 158.62 154.60 152.98 152.92 152.80 152.64 152.62 152.54 152.05 151.26 150.72 150.31 149.65 148.89 148.66 149.08 148.83 146.74 142.65 138.24 136.31 138.32 143.11 146.64 147.34 145.84 142.65 139.84 138.53 138.16 138.48 138.80 138.05 136.79 136.49 136.40 134.07 129.65 123.71 118.38 116.22 117.59 124.19 137.16 149.65 159.19 168.67 179.03 188.69 195.58 199.59 200.55 195.63 185.30 174.23 162.93 151.04 141.28 135.08 131.95 132.50 136.74
