WindNinja_Processing/data/medicine/vel.asc
ncols	132
nrows	153
xllcorner	524494.297235
yllcorner	3738115.816411
cellsize	54.720000
NODATA_value	-32768.000000
[rows 32 to 63 of 153, columns 0 to 70 of 132]
215.84 210.55 196.23 179.71 165.90 154.51 150.09 158.43 173.06 188.90 205.06 205.72 199.94 198.05 194.07 185.03 176.47 170.74 166.10 161.74 159.16 159.80 161.48 162.58 162.08 159.48 156.48 152.32 147.45 143.56 139.96 136.43 136.35 137.55 138.28 138.66 138.49 137.56 136.45 134.58 132.19 129.78 127.49 125.47 124.56 124.82 125.25 125.49 124.10 120.11 116.30 113.51 112.24 113.53 115.43 116.10 115.96 116.17 117.42 119.41 121.35 122.96 124.23 125.34 126.60 130.68 140.44 153.10 166.40 176.42 176.20
240.85 228.47 197.21 169.00 156.92 148.56 147.76 157.00 172.98 193.01 207.23 206.48 199.28 195.82 191.33 182.77 173.74 168.09 163.83 160.36 158.97 159.56 160.26 159.47 157.39 155.19 153.15 150.32 147.66 145.56 142.98 141.04 141.71 143.11 143.84 144.14 143.78 142.46 140.75 138.15 135.19 132.56 130.41 129.00 128.94 129.66 130.06 130.10 128.72 125.12 121.44 118.44 116.62 117.12 118.50 119.14 119.38 120.12 121.60 123.28 124.64 125.70 126.71 127.94 129.63 134.42 144.63 156.62 167.27 172.19 166.81
257.18 219.49 166.08 154.71 151.16 146.45 149.18 159.21 175.58 197.87 213.57 211.81 202.73 197.85 192.42 183.85 175.41 169.24 163.86 159.20 156.39 155.13 154.44 153.01 151.03 149.82 149.68 149.27 148.92 149.09 148.44 148.94 151.13 153.28 154.44 154.95 154.36 152.49 150.17 147.04 143.82 141.27 139.57 138.92 139.41 140.33 140.24 139.60 137.78 134.06 130.18 126.79 124.35 124.20 125.13 125.58 125.81 126.36 127.14 127.79 128.04 128.16 128.61 129.48 130.79 134.73 143.03 151.90 158.34 159.16 152.37
233.18 192.67 151.31 150.22 148.24 146.57 151.87 163.57 179.60 202.63 220.48 216.64 205.37 198.97 191.84 181.76 171.63 163.14 156.48 151.94 149.59 148.93 148.73 147.94 147.79 148.96 150.78 152.58 154.83 156.96 159.46 162.78 166.67 169.61 171.08 171.23 169.73 166.59 162.95 158.88 155.17 152.52 150.89 150.29 150.65 151.01 150.03 148.45 145.89 141.90 137.89 134.22 131.40 130.68 130.98 130.94 130.65 130.41 130.21 129.83 129.15 128.65 128.80 129.34 130.01 132.60 138.55 144.42 147.84 147.22 142.05
207.80 192.57 169.07 155.52 148.47 147.92 155.14 169.75 186.21 208.24 223.96 216.51 202.59 193.92 185.04 173.90 162.76 154.13 147.99 144.70 144.34 145.07 145.87 146.53 147.79 150.13 153.57 157.26 160.99 165.18 170.24 175.85 180.97 184.36 185.81 185.23 182.42 177.87 173.13 168.58 164.93 162.45 160.91 160.28 160.19 159.63 157.79 155.22 152.03 147.94 143.83 139.96 136.79 135.45 135.06 134.33 133.27 132.13 130.99 129.79 128.60 127.95 128.09 128.43 128.40 129.39 132.80 136.21 138.12 138.27 136.57
215.84 206.64 181.60 160.63 154.45 154.36 162.14 178.28 193.71 211.84 223.33 212.25 196.01 185.79 175.98 164.71 154.92 148.57 144.89 144.17 144.88 145.57 146.11 146.50 147.44 149.58 152.50 155.53 158.67 162.52 167.18 172.20 176.56 179.33 180.16 178.83 175.64 172.13 168.68 165.79 163.88 162.81 162.29 162.31 162.43 161.77 159.54 156.85 153.78 149.84 145.72 141.64 138.10 136.29 135.38 134.16 132.66 131.18 129.92 128.91 128.15 128.02 128.52 128.87 128.32 128.23 130.44 133.25 135.77 138.25 139.69
221.25 198.50 168.80 163.38 163.20 163.67 171.11 185.76 199.88 213.77 219.17 205.30 187.77 177.05 167.25 157.88 150.88 146.68 145.38 145.96 146.56 146.29 145.06 143.59 143.01 143.71 145.40 147.26 148.57 150.23 152.49 154.99 157.36 158.73 158.82 157.49 155.65 154.30 153.73 153.97 154.95 156.20 157.38 158.74 159.79 159.37 157.38 155.15 152.45 148.65 144.35 139.88 135.94 133.72 132.48 131.09 129.60 128.45 127.88 127.78 128.01 128.77 129.82 130.38 129.81 129.73 132.42 136.38 140.77 145.45 148.04
202.45 180.14 161.69 167.96 170.23 172.15 179.40 191.64 203.15 213.77 215.31 199.67 181.08 169.44 159.94 152.34 147.49 145.53 145.05 144.89 144.02 141.91 139.01 136.46 135.06 134.88 136.01 137.10 137.28 137.62 138.18 139.21 140.43 141.01 140.51 139.28 138.57 139.37 141.53 144.64 148.34 151.86 155.03 157.90 159.76 159.29 157.43 155.20 152.28 147.95 142.84 137.57 132.89 130.02 128.30 126.68 125.31 124.72 125.02 125.93 127.17 128.74 130.32 131.30 131.18 131.94 136.13 141.85 147.86 153.42 155.31
189.88 183.56 176.94 175.88 176.18 179.82 186.30 194.98 202.81 211.18 209.87 192.33 173.09 160.82 151.97 146.15 143.27 142.31 141.96 140.91 138.29 134.47 130.57 127.41 125.70 125.53 126.65 127.88 128.07 128.25 128.59 128.80 128.80 128.53 127.61 126.82 127.62 130.56 135.00 140.44 146.27 151.77 156.61 160.34 162.21 161.46 159.24 156.57 152.84 147.42 141.24 135.03 129.52 125.92 123.60 121.71 120.56 120.73 122.04 123.91 125.99 128.23 130.30 131.76 132.35 134.49 140.69 148.27 155.22 160.03 159.66
200.45 198.14 189.87 182.31 182.34 184.99 188.53 193.30 198.19 203.35 199.95 181.16 162.41 151.53 145.04 141.91 140.73 140.13 139.16 136.56 132.49 128.36 124.51 121.70 120.75 120.97 122.73 125.16 125.98 125.77 125.09 123.94 122.96 122.19 121.43 121.59 123.64 127.86 133.32 139.47 145.68 151.26 155.84 159.03 159.79 158.01 155.46 152.52 148.39 142.75 136.69 130.84 125.80 122.55 120.57 119.26 119.12 120.49 122.78 125.30 127.85 130.35 132.49 134.13 135.26 138.38 145.61 153.47 159.33 161.47 158.16
206.81 195.91 184.70 184.92 186.45 185.52 184.87 186.74 189.30 191.38 185.91 168.55 152.83 145.06 141.95 140.88 140.06 138.87 136.53 132.78 128.87 125.61 122.95 121.73 122.04 123.24 126.20 129.06 129.63 128.46 126.33 123.92 122.20 121.51 121.22 121.92 124.73 129.17 134.19 139.42 144.25 147.99 150.46 151.29 149.95 147.14 144.47 141.78 138.24 133.84 129.60 125.84 122.81 121.31 120.89 121.23 122.82 125.53 128.45 131.07 133.52 135.72 137.41 138.70 139.76 142.79 149.10 154.91 157.55 156.08 150.68
199.45 188.18 181.17 186.84 186.24 182.59 179.53 178.31 178.03 177.21 170.64 155.98 143.98 139.45 138.96 138.88 137.81 135.84 132.66 128.95 125.91 124.18 123.46 123.79 125.00 127.09 130.52 133.36 133.05 130.33 126.83 123.30 120.97 120.17 120.30 121.83 125.14 129.55 134.01 138.19 141.37 142.97 143.11 141.78 138.96 135.66 133.17 131.03 128.49 125.78 123.68 122.13 121.25 121.66 122.99 125.06 128.27 132.01 135.14 137.52 139.52 141.04 141.87 142.38 142.92 145.17 149.80 153.05 152.49 148.23 141.95
193.56 192.07 190.58 188.06 182.55 177.20 172.21 168.34 165.09 161.62 154.53 143.16 134.83 132.96 134.77 135.33 133.66 131.32 128.23 125.32 123.70 123.40 123.80 125.11 127.27 129.83 133.55 135.65 133.37 128.86 123.83 118.57 116.02 115.57 116.34 118.58 122.57 127.40 131.81 135.32 137.06 136.76 135.12 132.42 128.95 125.97 124.08 122.60 121.16 120.10 119.86 120.19 121.14 123.21 126.07 129.65 134.13 138.45 141.42 143.25 144.46 144.80 144.25 143.54 143.16 144.49 147.63 148.82 145.82 139.62 132.95
204.14 203.00 195.57 185.30 178.26 171.33 164.71 159.19 154.66 150.39 144.23 136.48 130.98 131.38 135.38 136.52 134.37 131.40 128.12 125.91 125.35 125.71 126.52 128.08 130.08 132.65 135.86 136.13 131.99 126.22 119.75 114.49 112.57 112.99 114.63 117.88 122.69 127.70 131.67 134.05 134.11 132.18 129.36 126.03 122.76 120.54 119.32 118.50 117.94 118.09 119.14 120.70 122.82 125.99 129.96 134.62 139.86 144.29 146.78 147.95 148.33 147.58 145.89 144.29 143.47 144.38 146.38 145.92 141.08 133.48 126.65
209.70 198.63 185.23 180.47 175.22 167.65 160.56 155.30 151.57 148.26 144.06 138.89 135.57 138.13 143.58 144.95 142.01 138.11 134.68 132.55 131.86 131.85 131.87 132.28 133.38 135.01 136.55 135.23 130.25 124.20 119.01 115.38 115.00 116.65 119.44 123.82 128.91 133.16 135.66 136.16 134.59 131.80 128.89 125.96 123.38 121.85 121.11 120.52 120.22 120.77 122.11 123.85 126.15 129.60 133.98 139.01 144.42 148.61 150.62 151.37 151.30 150.14 148.43 147.18 147.01 148.28 149.48 147.58 141.43 133.18 126.87
197.00 185.32 176.95 177.73 172.33 164.87 158.30 154.36 152.44 150.79 148.18 145.10 144.19 148.34 154.58 155.55 151.11 146.20 142.10 139.29 138.04 137.03 135.80 135.12 135.17 135.60 135.92 133.76 128.32 123.43 119.93 118.14 119.39 122.30 126.23 131.33 136.07 138.84 139.42 138.07 135.30 132.26 129.62 127.20 125.27 124.32 123.89 123.48 123.41 124.22 125.81 127.76 130.31 134.13 138.95 144.31 149.86 153.89 155.55 155.98 155.65 154.52 153.24 152.54 152.95 154.26 154.17 150.54 143.15 134.59 129.05
186.81 183.90 180.50 175.77 167.86 160.12 154.51 153.04 153.02 152.76 152.22 152.35 154.28 160.09 166.15 164.93 158.09 151.30 145.80 142.35 140.33 138.49 136.54 134.87 134.00 133.63 133.04 130.56 126.05 122.47 120.41 120.29 123.13 127.49 132.49 137.85 141.42 142.01 140.43 137.39 133.81 130.74 128.32 126.24 124.76 124.31 124.37 124.42 124.90 126.54 129.09 132.02 135.70 140.90 147.10 153.57 159.71 163.68 164.94 164.97 164.46 163.50 162.67 162.34 162.58 162.45 159.42 152.78 143.43 134.43 129.79
186.25 185.99 181.85 173.27 164.67 156.91 152.21 152.40 154.23 155.75 158.18 161.37 165.42 171.45 174.47 169.41 159.86 151.54 145.75 142.17 140.00 137.82 134.96 132.75 131.67 130.96 130.19 128.34 125.13 122.86 122.10 123.29 127.41 132.78 138.22 142.90 144.50 142.78 139.45 135.48 131.78 129.13 127.14 125.39 124.32 124.36 124.86 125.33 126.49 129.02 132.46 136.27 141.02 147.44 154.72 161.84 167.78 170.82 171.16 170.67 170.03 169.36 169.03 168.90 168.37 165.93 159.74 150.73 140.60 132.39 129.40
185.62 183.83 178.91 172.57 165.52 158.22 154.08 154.78 157.17 160.61 164.91 168.44 171.38 174.41 173.15 164.45 153.68 146.40 142.01 139.72 138.14 135.97 133.52 131.77 131.05 130.88 130.71 129.75 127.69 126.33 126.17 127.84 132.01 136.84 141.18 144.10 143.85 141.04 137.63 134.23 131.42 129.57 128.08 126.74 126.07 126.36 127.02 127.72 129.12 131.77 135.11 138.67 143.06 148.86 155.05 160.59 164.48 165.43 164.36 163.29 162.53 161.90 161.48 160.84 159.22 155.37 148.69 141.13 133.65 128.39 127.67
184.54 181.42 176.16 172.07 166.73 160.24 156.52 157.60 160.82 165.06 169.53 171.62 171.73 171.15 166.59 156.47 146.61 140.84 137.90 136.70 135.67 134.03 132.15 130.90 131.08 131.71 132.35 132.32 131.19 130.46 130.71 132.45 135.94 139.56 142.34 143.58 142.23 139.20 136.27 133.73 131.81 130.60 129.55 128.57 128.10 128.51 129.22 129.95 131.31 133.72 136.55 139.36 142.77 147.07 151.31 154.57 156.16 155.31 153.16 151.59 150.57 149.66 148.76 147.45 145.10 141.13 135.92 131.07 126.69 124.24 125.32
178.30 175.47 171.79 169.33 165.28 159.61 156.37 158.70 162.81 167.00 170.65 170.68 168.30 165.52 159.56 150.26 141.72 136.86 134.86 133.79 132.56 130.80 129.00 128.61 129.74 131.41 133.08 133.92 133.80 133.95 134.84 136.64 139.43 141.93 143.37 143.46 141.43 138.21 135.42 133.18 131.60 130.68 129.85 129.03 128.69 129.12 129.82 130.59 131.96 134.26 136.80 139.13 141.69 144.66 147.24 148.79 148.90 147.13 144.56 142.73 141.47 140.27 138.96 137.22 134.74 131.29 127.50 124.35 121.79 120.90 123.05
172.08 170.20 168.33 167.41 164.40 159.21 156.57 159.78 164.21 168.04 170.07 167.29 162.65 158.29 152.54 144.99 138.46 134.91 132.98 131.29 129.30 127.07 125.92 126.59 128.95 131.78 134.11 135.74 136.44 137.26 138.49 139.99 141.87 143.17 143.60 142.88 140.41 137.17 134.48 132.43 131.10 130.35 129.67 129.00 128.74 129.21 129.96 130.81 132.28 134.56 136.86 138.71 140.38 142.04 143.19 143.46 142.67 140.57 138.01 136.08 134.66 133.19 131.57 129.63 127.11 124.19 121.52 119.61 118.11 118.03 120.74
161.65 163.37 168.97 171.16 167.69 162.54 160.12 163.22 167.32 169.78 169.28 164.66 159.11 154.59 150.07 144.43 139.23 135.66 132.81 130.19 127.73 126.14 126.31 128.40 131.66 134.52 136.84 138.43 139.00 139.57 140.08 140.52 141.24 141.79 141.77 140.71 138.31 135.41 133.13 131.58 130.68 130.30 129.98 129.62 129.67 130.37 131.27 132.33 133.97 136.10 138.03 139.26 140.08 140.74 141.06 140.79 139.76 137.81 135.44 133.44 131.67 129.78 127.82 125.71 123.25 120.72 118.57 116.91 115.35 115.09 117.81
155.47 164.50 177.58 177.64 172.58 167.33 164.75 167.47 170.69 171.19 168.72 163.31 157.86 154.12 150.65 145.99 141.11 136.86 133.06 129.93 127.99 127.62 129.31 132.55 135.63 137.85 139.44 140.26 140.26 139.98 139.41 138.66 138.59 138.85 138.67 137.69 135.65 133.34 131.76 130.85 130.58 130.74 130.89 131.03 131.48 132.42 133.52 134.76 136.48 138.35 139.68 140.20 140.29 140.37 140.40 140.04 139.06 137.22 134.90 132.72 130.61 128.40 126.22 124.03 121.56 119.07 116.79 114.73 112.51 111.65 114.13
167.36 176.69 184.68 180.04 174.83 169.64 167.19 169.83 172.34 171.56 167.85 162.18 157.11 153.57 150.34 145.89 140.77 136.13 132.05 129.36 128.60 129.56 132.44 135.81 137.86 138.73 139.22 139.51 139.07 138.31 137.07 135.66 135.41 135.67 135.61 134.81 133.15 131.51 130.59 130.37 130.75 131.44 132.11 132.70 133.47 134.57 135.69 137.01 138.62 139.98 140.63 140.49 139.97 139.63 139.39 138.86 137.77 135.89 133.53 131.18 128.85 126.45 124.17 121.87 119.25 116.49 113.80 111.18 108.31 106.95 109.33
173.35 176.58 179.83 178.43 174.65 169.83 167.97 170.93 173.25 171.47 166.62 160.65 155.51 151.84 148.50 143.75 138.53 133.93 130.24 128.77 129.58 131.91 135.28 137.80 137.98 137.09 136.89 137.19 136.95 136.22 134.64 132.99 132.76 133.22 133.28 132.53 131.26 130.22 129.90 130.34 131.27 132.46 133.54 134.45 135.39 136.43 137.54 138.78 140.06 140.82 140.80 140.07 139.07 138.39 137.91 137.17 135.89 133.90 131.47 129.02 126.53 124.03 121.64 119.17 116.28 113.05 109.84 106.74 103.47 101.91 104.42
165.47 168.34 175.34 177.87 174.37 170.47 169.35 172.29 174.05 170.84 164.30 157.70 152.64 148.94 145.46 140.86 135.99 131.93 129.39 129.32 131.34 134.18 137.00 138.17 136.92 135.59 136.09 137.66 138.28 137.53 135.60 133.61 133.20 133.54 133.31 132.36 131.17 130.41 130.51 131.30 132.50 133.83 134.94 135.78 136.59 137.48 138.42 139.48 140.46 140.76 140.32 139.32 138.16 137.39 136.84 135.99 134.62 132.58 130.16 127.65 125.06 122.49 119.95 117.26 114.01 110.41 107.00 104.03 101.10 100.03 103.06
161.52 170.60 181.63 179.62 174.81 171.99 171.31 173.69 174.10 168.60 160.01 153.23 148.66 145.24 142.10 137.89 133.65 130.69 129.38 130.35 132.83 135.38 137.36 137.63 136.44 136.30 138.73 142.24 143.35 142.10 139.57 136.94 136.02 135.86 135.06 133.63 132.27 131.73 132.06 132.95 134.15 135.24 136.09 136.62 137.03 137.59 138.30 139.20 139.98 140.05 139.49 138.51 137.44 136.79 136.31 135.51 134.15 132.16 129.79 127.25 124.58 121.85 119.07 116.04 112.42 108.64 105.53 103.32 101.41 101.44 105.52
171.38 180.12 187.09 180.25 174.87 172.21 171.60 173.03 171.55 163.80 153.95 147.72 144.14 141.26 138.26 134.28 130.55 128.24 127.94 129.80 132.68 135.36 137.10 137.51 137.53 139.06 143.35 148.00 148.57 146.19 142.64 139.16 137.60 136.86 135.56 133.78 132.59 132.52 133.18 134.33 135.56 136.50 137.05 137.20 137.24 137.53 138.07 138.80 139.40 139.29 138.60 137.61 136.62 136.07 135.68 134.92 133.55 131.60 129.26 126.66 123.79 120.72 117.49 113.96 109.95 106.10 103.45 102.04 101.21 102.58 108.23
178.85 182.18 183.60 178.37 173.08 170.11 169.43 169.50 166.21 157.23 147.07 142.06 139.78 137.18 133.98 129.71 125.81 123.96 124.70 127.73 131.66 134.96 137.14 138.60 140.30 143.62 149.23 153.73 152.60 148.28 143.37 139.02 136.85 135.72 134.12 132.40 131.86 132.59 134.01 135.57 136.83 137.60 137.87 137.74 137.53 137.61 137.97 138.53 138.95 138.56 137.63 136.52 135.52 135.02 134.68 133.92 132.56 130.63 128.30 125.60 122.40 118.79 114.90 110.80 106.40 102.55 100.28 99.55 99.71 102.64 110.56
180.99 180.99 178.76 173.97 169.10 167.22 167.37 166.78 162.79 153.47 143.50 139.51 138.01 135.42 131.68 127.07 123.54 122.57 124.93 129.74 134.52 138.06 140.47 142.44 145.15 149.27 154.63 157.47 153.99 148.14 142.76 138.31 136.22 135.23 133.82 132.71 133.08 134.55 136.21 137.58 138.49 138.80 138.70 138.26 137.72 137.59 137.83 138.32 138.55 137.95 136.88 135.76 134.83 134.41 134.08 133.26 131.82 129.85 127.45 124.55 120.96 116.86 112.66 108.54 104.40 101.11 99.65 99.93 101.43 106.23 116.38
182.71 180.10 174.32 168.51 165.10 165.96 168.09 167.88 163.68 154.25 144.68 141.26 140.09 137.31 133.27 129.31 127.06 127.95 132.70 138.84 143.39 146.04 147.38 148.64 150.80 153.81 157.30 157.72 152.60 146.74 142.15 138.79 137.68 137.38 136.75 136.44 137.28 138.68 139.71 140.30 140.35 139.96 139.36 138.43 137.57 137.33 137.60 138.08 138.29 137.69 136.70 135.75 135.00 134.62 134.18 133.17 131.54 129.39 126.77 123.57 119.65 115.52 111.79 108.58 105.64 103.71 103.70 105.58 109.01 115.76 127.16
