WindNinja_Processing/data/medicine/vel.asc
ncols	132
nrows	153
xllcorner	524494.297235
yllcorner	3738115.816411
cellsize	54.720000
NODATA_value	-32768.000000
[rows 0 to 31 of 153, columns 0 to 70 of 132]
117.60 108.86 102.20 101.43 98.50 96.55 96.41 100.04 104.03 103.34 101.97 105.62 115.31 131.36 147.66 160.38 169.96 178.20 185.78 185.97 179.31 170.20 158.98 143.63 124.83 111.52 106.26 104.73 104.62 104.66 104.19 104.75 102.42 95.03 86.32 80.69 79.27 84.15 92.36 98.31 103.83 107.15 108.30 108.04 108.55 121.39 138.75 150.51 161.75 170.00 171.26 171.40 171.63 167.53 157.05 145.98 137.89 134.05 135.98 141.86 148.18 154.60 157.82 159.84 164.74 168.25 161.12 145.90 130.31 116.14 106.06
117.60 108.86 102.20 101.43 98.50 96.55 96.41 100.04 104.03 103.34 101.97 105.62 115.31 131.36 147.66 160.38 169.96 178.20 185.78 185.97 179.31 170.20 158.98 143.63 124.83 111.52 106.26 104.73 104.62 104.66 104.19 104.75 102.42 95.03 86.32 80.69 79.27 84.15 92.36 98.31 103.83 107.15 108.30 108.04 108.55 121.39 138.75 150.51 161.75 170.00 171.26 171.40 171.63 167.53 157.05 145.98 137.89 134.05 135.98 141.86 148.18 154.60 157.82 159.84 164.74 168.25 161.12 145.90 130.31 116.14 106.06
117.60 108.86 102.20 101.43 98.50 96.55 96.41 100.04 104.03 103.34 101.97 105.62 115.31 131.36 147.66 160.38 169.96 178.20 185.78 185.97 179.31 170.20 158.98 143.63 124.83 111.52 106.26 104.73 104.62 104.66 104.19 104.75 102.42 95.03 86.32 80.69 79.27 84.15 92.36 98.31 103.83 107.15 108.30 108.04 108.55 121.39 138.75 150.51 161.75 170.00 171.26 171.40 171.63 167.53 157.05 145.98 137.89 134.05 135.98 141.86 148.18 154.60 157.82 159.84 164.74 168.25 161.12 145.90 130.31 116.14 106.06
111.60 108.19 113.41 112.79 110.11 110.51 113.80 118.36 120.71 120.48 122.46 129.99 141.45 153.80 166.28 172.29 173.48 173.98 170.74 159.73 148.85 143.95 136.54 121.61 108.97 105.83 108.09 111.97 115.62 117.24 117.56 116.09 111.27 105.30 100.98 98.88 101.78 109.55 117.92 126.96 135.22 139.20 141.25 143.30 149.70 162.86 171.96 178.71 185.01 185.40 182.69 182.06 179.64 172.49 164.65 160.96 159.95 160.71 164.36 168.47 172.89 176.71 177.74 178.72 179.31 173.04 156.54 140.37 132.57 127.78 122.67
135.07 135.17 131.97 124.77 124.45 127.72 131.99 135.18 136.99 137.93 140.53 146.77 155.77 168.74 180.76 181.34 174.37 166.48 156.95 145.09 133.23 121.56 110.93 105.04 102.67 104.14 110.15 120.13 128.34 132.12 132.73 131.07 128.80 127.74 127.18 128.12 134.12 143.67 153.75 165.40 175.74 181.55 185.30 189.71 196.43 205.32 213.17 217.70 216.57 211.07 206.28 202.84 198.63 194.37 191.41 189.90 190.38 193.60 197.93 201.69 204.89 206.70 205.75 203.16 198.79 190.34 177.67 165.73 155.46 148.62 145.62
138.51 136.77 132.65 131.66 136.89 141.84 146.07 148.39 149.17 150.13 153.58 161.15 171.68 182.71 190.18 185.11 171.30 157.32 143.68 129.37 113.85 101.54 93.25 91.72 96.27 105.84 118.92 133.65 142.00 145.08 145.56 145.37 146.99 151.44 157.62 165.86 177.65 192.42 207.73 223.39 236.75 244.07 249.27 254.36 259.06 262.75 263.20 259.86 252.70 243.86 237.35 233.29 230.45 229.12 229.88 232.51 236.27 240.24 243.13 244.14 244.00 242.77 240.02 235.63 228.51 218.50 206.50 195.40 186.31 179.77 177.17
117.82 114.78 121.36 137.49 147.22 153.12 156.93 157.30 157.06 158.57 163.94 173.94 183.88 191.74 193.06 181.50 162.81 145.88 130.48 114.85 100.17 89.30 83.96 87.21 98.11 114.48 133.33 150.08 156.72 157.94 158.43 160.88 167.10 176.70 188.12 202.58 221.05 241.63 260.79 275.66 284.56 289.29 292.58 294.95 295.41 292.83 287.16 278.58 267.94 258.36 252.36 249.33 248.86 250.73 254.68 259.65 264.47 267.90 268.93 267.75 264.96 260.98 256.56 251.17 243.69 233.71 223.56 215.01 208.38 204.23 203.37
116.50 115.84 132.41 146.49 153.77 158.38 159.62 159.12 159.67 163.54 171.93 181.99 188.87 191.37 186.07 169.79 150.15 134.40 120.98 108.78 98.97 93.13 92.16 98.74 113.76 131.50 149.50 163.63 168.50 170.00 172.65 177.62 186.38 197.25 209.39 224.60 243.11 260.79 273.55 279.38 278.00 273.65 271.08 269.10 265.91 261.77 256.17 249.07 241.30 235.03 231.88 231.45 233.28 236.74 240.77 244.62 247.67 249.35 249.52 248.31 245.78 242.01 237.01 231.45 224.76 217.43 211.48 207.54 205.49 205.17 206.86
141.38 147.74 155.36 155.05 157.88 159.61 159.06 158.94 161.61 168.38 178.67 186.84 188.98 185.55 174.98 156.57 137.70 124.21 113.62 105.50 101.39 101.49 106.00 116.43 132.42 149.03 164.84 176.35 182.65 186.44 192.32 200.31 210.22 220.18 230.36 242.58 255.72 265.09 267.68 263.02 252.72 242.11 234.55 228.54 223.66 220.35 217.47 213.73 209.63 206.98 206.66 208.27 211.31 214.66 217.16 218.61 219.33 219.55 219.40 218.84 217.51 214.65 210.50 206.35 201.98 198.19 196.74 197.54 199.84 202.98 206.96
147.82 153.23 159.41 159.00 160.11 159.18 158.67 161.28 166.30 174.37 183.97 189.38 187.07 178.02 162.88 142.84 124.48 111.93 103.19 98.85 100.34 106.44 116.50 130.75 146.78 162.02 177.44 191.71 203.11 214.36 227.44 240.16 251.03 259.45 266.41 273.03 277.15 275.49 267.59 255.14 240.06 226.60 216.34 206.92 200.41 198.13 197.10 195.32 193.63 193.96 196.41 200.17 204.37 207.53 208.98 209.22 208.97 208.62 208.31 207.88 206.84 204.47 201.06 197.94 195.51 195.21 198.46 204.66 212.26 219.71 225.81
141.23 143.79 150.67 156.73 157.96 156.91 158.72 163.96 171.68 180.83 187.86 187.33 180.19 168.09 150.00 129.96 113.46 102.40 96.41 96.15 102.32 112.50 125.81 141.59 157.50 172.67 190.24 209.92 226.92 242.92 258.42 270.92 279.90 285.62 287.72 286.61 280.76 269.53 255.11 239.30 223.70 209.73 197.82 188.36 183.21 182.95 183.64 183.14 183.04 185.34 189.51 194.24 198.23 200.36 200.83 200.45 199.89 199.63 199.56 199.35 198.50 196.43 193.57 191.43 191.15 194.19 200.78 210.45 221.40 231.11 237.91
140.31 142.33 147.52 152.56 154.10 155.74 161.10 168.85 176.06 182.52 184.52 178.00 168.52 156.14 139.32 123.17 110.83 103.65 101.38 104.88 113.21 124.64 138.80 154.83 169.70 184.47 204.18 226.94 242.94 254.54 263.53 267.83 267.12 264.96 261.09 253.88 243.55 232.92 222.01 210.80 198.93 188.76 180.55 174.88 173.32 175.32 176.86 176.72 177.08 179.00 181.87 184.41 185.72 185.82 185.57 185.45 185.49 185.72 185.92 185.84 185.19 183.59 181.71 180.61 181.28 184.79 190.59 197.79 204.79 210.39 214.11
141.33 145.74 151.95 154.98 156.92 161.18 168.43 175.19 178.78 179.89 176.48 166.40 156.38 145.16 130.94 119.81 113.41 110.76 112.25 118.78 129.43 141.99 156.25 171.29 184.52 197.85 217.86 240.40 251.01 253.30 252.61 244.68 235.25 227.51 219.88 211.69 203.15 196.10 188.81 181.85 175.45 170.18 166.27 165.05 167.04 169.99 171.32 170.65 170.52 171.81 173.43 173.93 173.15 171.95 171.41 171.62 172.24 172.87 173.27 173.34 172.89 171.62 170.23 169.66 170.38 172.77 176.70 179.83 181.74 182.80 183.54
153.99 161.26 170.16 173.27 175.11 178.46 183.25 184.16 180.69 175.51 167.80 155.63 145.38 134.55 122.23 115.68 114.78 117.59 124.02 134.45 147.46 161.09 174.30 188.60 201.59 214.19 232.99 252.41 257.27 250.61 242.39 226.51 213.16 204.08 195.61 187.11 177.95 170.87 165.42 160.77 157.10 155.16 154.89 156.10 158.89 161.42 161.97 160.33 159.33 161.03 162.98 163.06 161.75 160.54 160.28 160.85 161.82 162.72 163.21 163.31 163.07 162.07 160.59 159.79 160.04 161.73 164.47 166.41 166.85 166.68 167.14
168.14 177.68 189.71 192.13 192.61 192.24 190.03 185.93 177.58 167.53 157.72 145.59 136.08 126.02 115.67 113.36 117.47 125.11 135.93 149.15 162.29 175.76 191.42 207.34 219.05 230.03 244.82 256.02 255.06 241.14 227.72 208.55 195.98 187.13 177.51 166.80 158.46 153.07 149.18 146.77 145.87 146.25 147.69 149.84 152.21 152.62 151.22 149.01 148.69 151.52 154.00 153.73 151.84 150.56 150.58 151.44 152.46 153.25 153.60 153.73 153.75 153.12 151.91 151.13 151.05 151.85 153.37 154.09 153.48 152.53 152.88
194.81 193.90 189.76 181.57 183.15 184.93 180.01 172.65 163.62 156.07 150.35 141.24 133.02 126.27 118.76 119.18 125.60 134.18 145.12 158.62 172.60 187.13 202.70 216.43 225.32 233.49 243.70 247.53 237.96 223.29 208.92 192.78 183.50 175.85 166.00 156.72 150.16 146.20 144.21 143.01 142.93 144.02 145.72 147.02 147.28 146.53 145.18 144.29 145.82 149.39 151.17 149.26 145.68 143.50 143.18 143.66 144.15 144.36 144.45 144.65 144.91 144.48 143.21 141.96 141.05 140.82 141.42 141.48 140.45 139.35 139.78
209.36 184.20 157.12 158.15 160.41 161.10 159.72 153.39 147.82 146.14 146.59 141.89 134.65 129.84 127.31 128.96 134.01 142.40 154.82 169.56 182.55 194.48 207.45 218.35 223.86 228.47 235.79 235.62 219.84 207.79 193.26 182.42 176.05 168.76 160.75 153.46 148.57 146.32 144.80 143.89 143.95 144.87 145.06 144.83 144.09 143.09 142.51 143.37 146.32 149.33 149.13 144.81 139.35 136.40 135.75 135.79 135.74 135.55 135.45 135.66 136.00 135.41 133.68 131.80 130.07 129.09 128.92 128.63 127.37 126.28 126.95
192.14 158.28 130.20 143.92 150.64 149.08 145.88 141.88 139.67 141.85 144.91 143.64 137.44 132.36 131.76 134.52 141.44 153.40 168.41 183.03 194.35 204.37 215.52 225.57 229.38 230.67 235.03 231.09 212.34 199.06 184.01 176.17 168.77 162.14 155.16 148.97 145.70 143.94 142.72 142.01 141.75 141.33 140.84 139.92 138.86 138.15 138.34 140.28 143.41 144.45 141.69 135.65 129.18 126.31 126.35 126.83 126.91 126.90 127.09 127.58 127.98 127.05 124.74 122.12 119.53 117.75 117.05 116.41 114.88 113.59 113.94
174.38 162.93 148.45 144.85 146.20 148.06 142.85 137.48 137.03 141.34 144.36 145.64 140.19 135.07 134.36 139.70 151.60 165.75 179.06 193.61 205.48 215.88 226.35 234.44 237.04 235.22 235.99 226.11 207.42 191.65 177.67 169.43 161.50 155.38 148.99 144.46 141.60 140.07 139.07 137.96 136.78 136.03 135.16 134.03 133.16 133.05 133.87 136.24 138.49 137.12 132.21 124.68 117.89 116.06 117.63 119.01 119.55 119.86 120.43 121.09 121.25 119.73 116.69 113.34 110.02 107.48 106.19 105.22 103.57 102.47 103.21
188.03 182.83 167.59 153.37 147.96 146.37 143.12 136.57 135.08 141.22 144.73 145.67 143.17 139.93 140.20 148.58 161.11 172.04 188.18 203.45 212.89 221.25 229.75 234.64 231.10 228.81 225.41 210.75 195.67 178.34 168.35 159.84 153.23 148.34 144.25 141.17 139.20 138.45 137.68 136.47 135.64 135.03 134.27 133.49 133.13 133.52 134.50 136.52 137.41 134.41 128.47 121.26 115.85 115.60 118.26 119.96 120.44 120.62 120.89 120.98 120.02 117.27 113.20 109.12 105.08 101.88 100.53 99.86 98.77 98.38 99.66
193.87 178.03 159.16 157.42 153.94 145.55 138.77 136.54 133.54 141.46 146.43 147.64 145.81 146.33 149.65 157.15 165.53 177.42 193.94 206.83 212.65 219.04 225.54 222.52 216.62 212.53 203.48 191.92 176.35 163.43 157.25 149.40 144.99 142.75 141.03 139.68 139.35 139.66 139.52 139.48 139.58 139.64 139.53 139.39 139.59 140.15 140.84 142.11 142.17 138.73 133.46 128.03 124.61 125.32 127.66 128.40 127.58 126.50 125.50 124.08 121.32 117.05 112.26 107.90 103.64 100.34 99.24 99.01 98.64 99.17 101.76
178.15 161.20 150.66 158.21 156.55 147.27 137.49 136.27 137.62 146.26 153.29 154.93 152.92 153.74 158.26 165.40 175.25 186.65 198.93 211.21 213.66 217.64 217.96 211.46 205.54 195.11 187.62 175.79 160.04 152.83 146.21 140.46 138.80 138.84 138.83 139.27 140.21 141.51 142.96 144.33 145.53 146.46 147.03 147.52 148.09 148.58 148.91 149.68 149.60 146.76 142.74 138.93 136.63 136.69 136.98 135.34 132.57 129.74 127.15 124.06 119.72 114.48 109.55 105.26 100.99 97.69 96.80 96.98 97.17 98.36 101.51
171.66 167.97 163.27 160.65 154.65 146.97 140.89 139.89 148.48 158.78 167.80 170.18 168.51 169.92 175.14 184.05 192.79 199.51 208.39 217.13 217.09 217.73 211.04 204.86 193.08 183.32 174.69 161.04 150.87 144.57 137.53 133.97 134.34 135.72 137.28 138.80 140.84 143.93 147.01 149.74 152.03 153.67 154.89 155.87 156.55 156.82 156.82 157.39 157.69 155.83 152.98 150.03 147.33 144.96 141.65 136.99 131.97 127.50 123.54 119.19 113.82 108.29 103.80 99.93 95.58 92.17 91.37 91.82 92.47 94.31 98.19
189.14 186.73 175.90 161.67 153.56 146.75 144.09 146.88 159.16 169.87 178.24 178.97 177.20 179.92 186.91 194.77 201.66 208.24 214.38 217.44 212.82 209.89 202.08 194.46 182.02 174.87 163.66 154.02 148.02 140.21 133.33 131.39 132.09 134.26 136.30 138.31 141.70 145.88 149.78 153.10 155.64 157.47 158.89 159.86 160.35 160.30 160.16 161.13 161.92 160.67 158.17 154.98 150.88 146.08 140.31 134.27 128.74 124.14 119.91 115.30 109.97 105.07 101.49 98.06 93.71 90.07 89.23 89.99 91.39 94.26 99.05
197.99 182.77 166.61 161.52 156.63 149.75 148.14 154.53 162.00 172.22 180.22 174.73 170.50 174.96 184.39 194.59 202.70 209.43 213.02 209.10 204.85 196.53 193.96 184.08 176.54 168.96 159.68 154.34 148.60 140.57 133.68 131.62 131.90 133.61 135.42 137.99 141.65 145.69 149.17 151.78 153.61 154.95 155.91 156.44 156.51 156.25 156.68 158.29 159.33 157.75 154.34 149.78 144.06 138.35 133.63 129.64 126.51 123.81 120.80 117.14 112.96 109.24 106.40 103.22 98.76 94.97 94.26 95.57 98.00 102.22 107.94
184.67 167.86 159.48 165.04 161.95 155.49 152.70 160.16 164.86 176.17 178.97 176.27 171.88 174.94 186.57 197.05 203.41 207.82 208.88 204.76 197.36 191.93 186.62 178.78 174.24 165.61 159.06 155.42 148.21 139.57 133.09 130.56 130.01 131.46 133.67 136.55 140.23 143.87 146.62 148.48 149.73 150.57 151.15 151.32 151.34 151.55 152.19 154.01 154.88 152.36 147.63 141.72 134.73 130.10 127.81 126.75 126.37 125.67 123.88 121.17 118.00 115.09 112.58 109.33 104.70 100.87 100.34 102.19 105.70 111.27 117.94
178.69 175.25 173.84 173.18 168.32 162.50 160.33 166.06 174.42 183.03 188.20 188.67 191.59 196.69 207.05 215.37 217.86 219.04 216.73 209.50 198.15 192.13 182.75 177.43 170.46 161.93 157.39 152.91 144.13 134.81 128.60 125.01 124.34 126.83 129.99 133.60 137.47 140.81 143.23 144.85 145.91 146.77 147.46 148.02 148.39 148.80 149.61 151.35 151.43 147.46 141.38 133.73 126.94 124.33 124.96 126.74 128.49 128.82 127.29 124.80 122.01 119.36 116.74 113.17 108.25 104.07 103.33 105.25 109.53 116.60 124.75
188.73 191.42 189.45 180.15 173.31 168.54 166.84 170.63 182.56 190.76 203.90 204.94 210.22 219.94 223.49 225.54 225.53 224.06 216.46 204.18 196.64 186.11 178.88 173.83 165.36 158.65 155.14 149.06 139.88 131.55 125.45 120.74 120.87 124.44 128.43 132.37 136.02 138.94 140.92 142.18 143.11 144.23 145.10 145.54 145.80 146.16 146.96 148.25 147.11 141.83 134.36 126.62 121.16 121.01 124.28 127.98 130.56 130.78 129.01 126.69 124.30 121.94 119.34 115.75 110.85 106.74 106.03 108.15 113.47 122.68 132.60
188.73 191.42 189.45 180.15 173.31 168.54 166.84 170.63 182.56 190.76 203.90 204.94 210.22 219.94 223.49 225.54 225.53 224.06 216.46 204.18 196.64 186.11 178.88 173.83 165.36 158.65 155.14 149.06 139.88 131.55 125.45 120.74 120.87 124.44 128.43 132.37 136.02 138.94 140.92 142.18 143.11 144.23 145.10 145.54 145.80 146.16 146.96 148.25 147.11 141.83 134.36 126.62 121.16 121.01 124.28 127.98 130.56 130.78 129.01 126.69 124.30 121.94 119.34 115.75 110.85 106.74 106.03 108.15 113.47 122.68 132.60
205.28 202.18 191.62 181.00 174.60 168.24 166.76 170.92 180.98 195.80 206.88 212.37 214.45 218.00 220.08 214.93 208.53 204.94 199.85 191.32 180.79 175.13 172.01 166.08 159.82 156.56 153.69 147.65 139.53 133.10 128.42 124.53 125.31 128.85 132.33 135.49 138.19 140.15 141.31 141.92 142.61 143.15 143.33 143.03 142.60 142.56 142.98 143.56 141.65 135.97 128.88 122.93 119.58 120.93 124.57 127.55 128.80 127.98 126.19 124.68 123.34 121.95 120.22 117.59 113.90 111.10 111.66 115.15 122.51 134.19 144.81
218.58 203.23 182.63 178.07 173.57 164.79 161.74 168.70 176.56 194.12 207.01 208.23 207.24 209.56 208.36 200.11 191.71 186.68 181.09 174.26 170.18 167.27 163.84 160.43 158.36 156.85 153.53 148.45 141.60 137.05 133.77 130.46 131.32 134.21 136.71 138.75 140.27 141.15 141.35 141.39 141.22 140.87 140.17 138.98 137.93 137.55 137.71 137.97 135.98 130.17 124.48 120.25 118.42 120.25 123.26 124.95 124.88 123.54 122.29 121.88 121.74 121.54 121.01 119.81 117.81 116.89 119.54 125.06 134.51 147.89 157.60
215.59 197.24 179.79 179.02 171.69 160.58 155.96 163.60 174.58 189.80 207.34 208.73 203.48 201.77 197.65 188.79 181.29 177.43 173.77 168.94 164.41 161.86 160.69 160.88 160.71 158.88 155.38 150.76 144.93 140.64 137.23 133.69 134.05 136.08 137.58 138.67 139.22 139.07 138.46 137.60 136.35 134.92 133.20 131.37 130.10 129.95 130.47 130.54 128.58 123.70 119.06 115.82 114.58 116.37 118.91 119.95 119.58 118.81 118.78 119.66 120.76 121.73 122.32 122.44 122.18 123.75 129.77 138.82 150.72 164.02 170.06
