WindNinja_Processing/data/slinkBig/ang.asc
ncols	140
nrows	145
xllcorner	268193.222300
yllcorner	4258704.620682
cellsize	112.710000
NODATA_value	-32768.000000
[rows 84 to 125 of 145, columns 0 to 93 of 140]
188 190 191 185 173 158 147 143 143 140 135 130 128 127 126 126 127 127 126 126 126 127 129 131 134 135 135 133 133 135 137 139 142 146 149 153 157 161 167 174 178 176 171 166 163 161 158 156 154 152 152 152 153 153 152 151 150 151 154 155 157 158 159 160 161 162 163 164 165 161 155 149 146 146 148 145 141 139 138 138 137 138 137 136 136 140 145 141 135 132 132 132 134 137
203 202 200 194 177 156 141 137 137 136 132 129 129 130 129 129 129 129 128 127 128 129 130 132 132 133 131 130 130 132 133 136 139 143 147 150 155 160 167 174 175 170 165 163 162 160 159 157 155 153 152 151 151 150 150 148 147 148 151 153 154 156 158 159 160 161 162 163 164 161 156 152 149 149 150 147 141 139 138 138 138 138 137 136 138 141 141 139 137 136 138 141 150 165
218 216 212 204 183 154 138 133 135 135 132 130 133 134 134 133 132 132 131 131 132 133 133 133 132 130 129 127 127 128 129 132 135 139 144 148 153 159 166 171 170 164 160 160 159 159 159 158 156 155 153 152 151 150 148 146 144 146 148 150 153 155 157 158 159 160 161 163 164 161 157 154 152 153 153 148 142 140 139 139 140 139 139 140 143 144 141 139 140 143 146 153 166 176
231 229 222 209 183 156 143 140 141 140 134 133 136 138 138 138 137 136 136 136 137 137 137 136 134 131 128 125 124 123 124 126 129 134 140 146 152 158 164 167 166 160 157 157 157 157 158 158 157 157 156 155 155 154 152 149 147 147 148 150 152 154 156 156 157 158 160 163 164 162 158 155 154 155 156 151 145 143 144 145 146 147 146 147 150 148 143 141 144 148 152 161 173 176
239 237 229 208 178 157 149 146 147 145 139 137 139 141 142 141 140 140 141 141 142 142 141 139 136 133 129 126 123 121 120 121 125 131 137 144 150 156 161 164 163 158 155 155 156 156 157 157 157 157 158 158 158 157 156 153 150 150 151 152 153 154 155 155 156 158 160 163 165 162 159 156 156 158 159 155 149 148 149 151 154 154 151 152 154 152 146 145 149 153 157 165 173 174
242 239 225 200 173 158 152 151 152 150 144 141 142 144 144 144 144 143 144 145 145 145 144 142 139 136 132 130 128 127 126 126 130 135 140 144 148 153 157 161 160 156 153 154 155 156 157 156 156 156 157 158 158 157 156 154 151 151 152 153 154 154 154 154 154 156 159 162 165 163 159 157 158 161 161 158 154 153 155 157 158 157 154 155 157 154 149 149 154 159 161 165 171 171
241 235 216 192 171 159 154 154 156 154 149 145 145 145 146 146 146 146 147 148 148 147 146 144 142 139 137 135 135 136 134 133 136 141 143 146 148 151 154 157 156 153 151 153 154 156 156 155 154 155 156 156 156 156 156 153 151 152 153 154 155 154 152 152 153 155 158 161 164 162 158 157 159 162 162 160 158 160 161 162 162 160 157 157 159 157 153 152 158 161 161 164 169 170
238 229 206 185 169 159 156 156 158 157 152 148 147 147 146 146 145 145 147 148 148 147 146 145 144 142 141 140 140 141 139 138 140 145 147 147 148 149 152 154 153 150 149 151 153 154 154 153 152 152 153 153 153 153 153 151 149 151 153 154 153 152 150 150 150 152 156 159 162 159 155 155 159 161 161 160 161 164 165 165 164 162 159 160 162 161 158 159 162 162 161 163 169 170
231 221 196 178 165 159 157 158 160 158 154 150 149 147 146 144 142 142 144 146 146 145 145 145 145 144 143 143 144 144 142 140 143 148 149 149 148 148 150 152 152 149 148 149 151 152 152 150 150 150 150 150 150 150 150 148 147 148 151 152 151 149 147 146 147 149 153 157 159 156 152 153 157 159 158 159 162 165 166 166 165 163 162 162 165 165 163 163 165 163 162 164 170 170
223 209 186 172 162 158 158 159 160 158 153 150 148 146 144 141 140 141 143 145 144 142 143 144 143 141 141 142 144 145 143 142 145 150 152 151 150 148 149 151 151 149 148 148 149 149 149 148 148 148 148 148 147 147 147 145 143 145 148 149 149 148 146 145 146 148 151 154 155 153 149 150 154 156 155 158 161 163 164 165 166 164 163 164 167 167 166 166 165 163 163 166 170 171
208 196 178 169 162 159 158 159 158 155 151 148 146 143 140 137 137 139 142 145 143 141 141 142 140 138 138 139 142 144 143 142 146 151 154 153 151 149 149 152 152 149 148 147 147 147 147 146 146 146 146 145 145 144 143 141 140 143 145 146 147 146 145 145 146 148 150 152 153 150 146 147 150 151 152 155 158 160 161 163 165 164 164 166 167 167 166 165 164 163 165 168 171 172
192 184 173 168 163 160 158 157 156 154 151 148 146 143 138 135 136 139 141 143 141 139 140 141 138 136 137 139 141 143 142 142 146 152 155 154 152 150 152 154 154 150 148 146 146 146 145 144 142 141 141 141 142 142 141 140 140 142 145 146 147 146 145 145 146 148 150 151 151 148 144 144 146 146 147 150 152 154 156 159 162 163 164 165 166 165 163 161 161 162 165 169 172 172
178 176 172 169 164 159 155 154 153 153 152 150 148 144 138 135 137 139 140 141 138 137 139 140 138 136 137 139 141 142 143 143 148 153 154 154 153 153 155 158 156 152 148 146 145 146 145 142 138 136 135 136 138 139 139 139 141 143 145 147 148 147 146 146 147 149 150 151 151 147 144 142 142 141 142 144 144 146 150 154 156 158 160 162 162 160 158 156 155 158 164 169 173 171
170 172 173 171 167 160 155 153 153 154 154 152 149 144 138 136 138 141 142 141 139 137 139 140 138 137 138 140 142 143 143 145 149 153 154 153 154 156 159 161 159 153 148 145 145 146 147 144 139 137 135 136 137 137 137 139 140 142 143 145 146 145 145 146 147 149 150 151 151 147 144 142 140 140 141 139 138 139 143 147 150 152 155 156 156 153 151 149 149 152 160 168 172 170
169 172 173 171 167 161 158 157 157 158 157 154 149 144 139 137 140 143 144 143 140 139 140 140 139 138 140 142 143 143 144 146 150 153 154 154 156 159 162 164 161 155 150 146 145 147 148 146 144 142 139 138 137 137 137 138 139 139 140 141 141 141 141 143 145 147 149 151 151 148 145 142 141 141 141 138 135 135 137 140 142 145 147 149 147 146 144 143 142 145 154 164 168 165
178 176 172 167 162 159 159 160 162 162 159 154 149 144 140 140 143 147 146 144 142 140 140 139 139 139 141 144 144 144 146 149 152 154 155 155 158 161 165 165 161 157 153 150 149 150 151 148 146 144 141 139 136 135 135 135 135 135 135 136 137 137 137 139 142 145 147 149 150 149 146 145 144 144 143 140 137 135 136 138 139 141 143 143 141 140 139 138 137 141 150 159 161 160
188 182 171 162 157 157 160 163 166 165 159 153 148 144 143 143 148 151 149 147 144 142 139 138 139 140 143 145 146 146 148 152 154 156 156 157 159 163 165 164 162 158 155 153 153 155 155 152 149 145 141 138 135 134 133 132 131 130 130 130 131 132 134 136 138 142 145 148 150 149 148 147 147 148 148 146 142 140 140 141 142 142 143 142 139 137 136 135 135 139 149 155 156 156
196 188 170 159 155 157 162 168 170 166 158 152 148 145 144 146 151 154 152 150 148 145 141 140 141 143 145 148 148 148 150 155 157 159 159 160 161 163 164 163 161 159 156 154 154 157 159 156 152 147 142 138 135 135 135 133 132 132 131 131 131 132 134 135 137 140 143 146 149 149 148 148 148 149 151 151 148 147 147 147 147 147 146 143 140 138 138 137 136 140 148 153 153 153
197 187 170 160 158 160 166 171 170 164 158 153 149 147 146 147 151 155 155 154 152 148 145 144 146 147 149 150 150 150 153 158 160 161 162 162 162 163 163 162 161 160 157 155 155 160 162 160 154 148 143 138 137 139 140 139 138 137 137 135 134 135 136 136 137 139 142 145 147 147 147 147 147 149 153 154 152 151 152 153 153 152 150 146 143 142 142 141 140 142 148 151 151 151
196 185 168 161 161 163 168 172 168 161 157 154 151 149 148 149 152 155 155 155 152 149 147 148 150 151 152 153 152 152 156 161 164 164 164 163 162 160 159 159 159 159 157 156 158 164 166 162 156 150 145 141 140 143 144 143 142 141 141 138 137 137 138 137 137 138 141 143 145 145 145 145 145 148 152 153 152 152 154 156 156 155 152 148 146 145 145 145 144 145 149 151 151 151
195 184 166 160 161 165 170 172 165 158 155 154 152 151 151 151 153 155 154 153 150 147 148 150 153 155 155 155 153 153 157 164 167 167 166 163 159 155 153 155 157 157 158 158 161 167 168 162 156 151 148 145 145 147 148 147 145 143 142 140 138 139 139 137 136 137 139 141 142 142 142 142 143 146 150 150 149 151 154 156 157 156 153 150 148 148 147 147 146 148 151 153 153 153
197 183 164 159 160 164 170 170 161 155 153 153 153 153 153 153 155 156 153 151 147 145 147 152 155 157 158 157 155 155 159 167 171 172 169 163 156 151 150 153 155 157 158 160 164 168 167 160 154 150 148 147 147 150 152 150 148 146 144 141 139 140 140 138 137 138 138 139 140 140 140 140 141 144 147 147 146 148 152 154 156 155 151 149 149 149 148 146 147 149 153 155 156 156
195 182 164 159 160 164 169 167 158 151 151 152 152 153 153 154 157 157 154 151 146 143 146 152 155 158 159 159 159 158 163 171 176 177 171 161 153 150 152 156 158 159 159 161 164 167 164 157 151 148 146 146 148 152 154 153 151 149 147 144 142 142 142 141 141 141 140 140 139 139 139 139 140 142 144 143 142 144 148 151 152 151 148 147 148 148 146 144 144 147 152 156 158 159
190 178 163 160 161 165 168 164 154 149 149 151 151 152 153 155 157 157 154 151 146 143 147 153 156 157 158 160 160 161 168 177 182 180 170 157 150 150 155 161 163 163 162 162 164 165 162 156 151 148 146 147 149 153 156 156 154 153 152 149 147 145 144 144 144 144 143 141 140 139 139 139 140 140 140 139 139 140 143 145 146 146 144 144 146 146 143 140 140 143 149 155 158 159
183 174 163 161 162 165 166 161 151 147 147 149 150 151 152 154 157 157 155 152 147 144 148 156 157 157 158 159 160 162 170 180 183 179 167 154 149 152 158 165 168 167 164 161 161 161 160 157 154 152 150 150 152 155 158 159 159 159 159 156 152 148 147 147 148 147 145 143 141 140 140 140 140 139 137 136 136 136 136 138 139 139 138 139 143 143 140 136 134 136 142 148 151 154
175 169 162 162 163 164 163 159 151 146 147 149 150 151 152 153 155 156 155 153 148 145 150 158 159 158 159 160 160 162 170 180 181 174 162 151 150 155 163 170 173 170 164 159 156 156 156 155 155 154 153 153 154 156 158 160 162 165 166 163 156 151 149 150 152 150 148 145 142 141 142 142 143 140 136 135 135 134 132 132 133 133 133 135 138 139 137 132 129 130 136 141 143 146
170 165 160 161 161 161 161 158 152 148 148 150 151 151 152 153 154 155 155 153 149 146 151 159 160 160 161 163 163 164 170 178 176 168 157 150 151 160 169 175 175 169 161 154 151 151 151 152 153 154 154 155 155 157 159 161 164 169 172 168 159 154 153 154 156 154 151 147 144 143 144 145 147 144 139 138 138 135 131 129 129 129 129 131 134 135 133 129 126 128 136 140 140 141
168 163 157 157 157 158 159 156 151 148 149 150 150 151 151 152 153 154 154 153 149 147 152 160 161 160 162 163 164 166 172 176 171 161 153 149 153 165 174 178 175 166 156 148 146 147 149 149 150 151 152 153 154 156 158 161 166 172 175 170 160 157 157 159 160 158 155 150 146 145 146 148 150 146 141 141 143 139 132 129 128 128 128 130 131 132 131 129 126 129 138 142 140 140
167 161 155 153 153 154 155 153 149 147 147 148 149 149 150 151 153 154 154 153 150 149 155 162 162 160 160 161 163 166 172 174 165 155 150 149 156 170 178 178 171 160 151 143 141 144 146 146 146 147 148 149 149 152 156 160 166 172 173 168 161 161 164 165 165 162 159 153 148 148 149 151 153 148 143 144 147 144 137 134 132 131 132 132 132 132 132 131 131 134 142 147 145 143
165 160 154 151 150 151 151 149 147 145 145 145 145 146 148 150 152 152 152 152 150 150 156 164 163 161 159 159 161 167 172 169 160 152 149 150 159 172 178 174 165 154 146 139 138 142 144 143 143 143 144 144 145 149 154 160 165 167 167 162 160 165 169 171 170 166 162 156 150 150 152 154 155 150 145 147 150 148 142 138 135 135 136 136 135 133 132 132 133 138 147 151 150 147
162 158 152 150 149 149 148 146 144 142 141 141 140 141 143 147 148 148 148 149 147 148 156 164 165 163 160 159 161 167 169 163 156 151 151 155 163 172 173 166 157 149 142 136 136 141 143 141 140 141 142 142 143 148 154 159 162 162 160 156 157 165 172 174 173 170 165 158 152 152 155 157 157 153 148 150 153 151 146 141 138 138 141 141 139 135 131 130 132 138 147 153 153 152
158 155 151 149 148 148 146 144 142 140 138 137 135 135 137 141 143 142 143 144 143 144 153 162 164 162 161 161 163 167 164 158 154 154 157 162 168 170 165 157 151 145 140 135 135 140 141 139 138 139 140 140 141 147 153 157 158 157 155 153 155 162 170 174 175 173 167 159 154 155 158 159 159 154 149 151 155 154 148 143 140 142 146 146 142 136 130 129 132 138 146 152 155 156
155 154 150 147 147 147 146 144 142 140 138 135 132 130 131 134 135 135 136 138 138 140 147 156 157 155 156 159 163 164 159 155 156 161 166 171 172 167 159 152 147 143 139 135 135 140 141 139 138 137 137 138 141 147 152 153 153 152 151 151 153 158 166 171 174 173 167 160 157 159 160 161 159 154 150 152 155 153 148 144 142 144 149 149 144 136 129 128 133 139 144 149 152 154
153 152 149 146 146 146 146 145 143 141 138 134 129 125 126 129 129 129 130 131 132 133 139 145 145 144 147 153 157 158 156 156 160 167 172 175 173 165 156 151 147 144 140 137 137 141 142 140 138 136 136 138 141 145 149 150 149 149 149 149 151 155 160 166 170 169 165 161 161 162 163 162 160 155 151 152 154 152 147 144 143 146 152 152 145 136 129 129 135 140 143 145 148 150
151 152 149 146 146 146 145 145 143 141 137 132 128 126 129 132 131 130 127 123 121 120 122 127 129 131 136 142 147 149 152 155 162 169 174 174 171 164 159 156 153 150 145 142 141 144 145 143 141 138 137 138 141 143 145 145 145 146 148 149 150 152 156 160 164 164 162 162 164 166 166 166 163 158 154 154 153 148 144 142 143 147 154 153 146 137 131 131 138 143 144 146 147 148
151 151 148 145 145 145 146 146 144 140 136 132 128 129 133 137 136 133 126 117 110 105 106 111 116 120 126 132 138 143 147 153 161 168 171 170 166 161 159 159 158 155 150 147 146 148 148 146 143 140 139 139 141 142 143 142 142 143 146 147 147 149 152 155 159 159 157 159 163 166 168 168 166 163 160 157 152 145 142 141 143 148 155 153 146 139 133 134 141 146 147 147 148 148
152 151 145 141 142 143 146 147 146 143 140 136 131 130 134 138 138 136 127 117 112 111 111 113 115 118 123 129 135 141 146 152 158 164 167 164 160 156 156 159 160 157 153 150 149 150 148 146 143 141 139 141 143 143 143 142 142 144 145 144 144 146 148 151 153 152 151 154 159 163 166 168 168 167 164 160 154 148 145 143 144 150 155 154 149 143 138 139 145 149 148 147 148 148
159 154 144 138 138 141 146 148 147 146 144 140 134 132 136 139 140 140 131 123 122 122 122 120 118 120 125 130 135 141 145 150 155 161 162 159 156 153 154 157 159 158 156 154 152 150 148 145 142 140 141 143 145 145 144 144 144 145 145 143 142 143 145 147 149 147 145 148 154 158 162 165 167 167 166 161 155 151 148 146 146 150 154 154 151 148 145 145 150 151 149 148 148 149
168 161 145 137 136 140 147 150 149 148 146 143 138 136 141 146 148 148 139 132 132 132 130 128 126 127 130 133 137 142 145 147 151 156 156 154 152 151 152 155 157 157 158 157 155 152 149 145 142 141 143 147 150 149 147 147 148 148 147 145 144 144 144 146 147 145 142 144 149 153 156 160 163 165 163 159 155 153 150 148 150 152 154 154 152 151 149 151 156 157 155 154 154 154
179 168 146 137 136 140 148 152 151 150 147 144 140 141 148 155 158 155 144 139 141 141 136 132 131 132 135 137 140 143 145 146 148 151 151 150 149 149 150 153 155 156 158 159 158 155 150 146 143 143 145 150 154 153 151 151 151 149 147 146 145 144 144 145 146 143 140 141 145 148 150 154 158 159 157 155 155 153 150 149 151 154 155 155 154 153 153 156 162 164 162 161 159 159
188 174 151 141 139 142 148 152 152 150 147 144 142 144 153 163 164 159 150 147 149 148 141 136 136 136 138 140 142 146 146 146 147 149 148 147 148 148 150 152 155 157 160 160 159 157 154 150 147 148 150 154 157 155 153 152 150 147 145 144 143 143 143 145 145 143 141 142 146 147 148 149 151 150 148 148 151 151 148 147 151 153 154 154 153 153 154 157 163 167 167 165 162 162
187 174 154 145 142 144 150 154 153 150 146 143 144 148 159 166 163 157 155 155 155 151 143 139 140 142 141 142 144 148 148 147 147 147 147 147 147 147 149 151 154 157 159 159 158 156 155 153 152 154 156 160 161 158 154 151 148 144 142 141 141 141 142 143 144 143 142 143 145 147 148 148 147 143 141 142 147 147 144 145 150 152 151 151 151 151 152 155 162 167 168 167 165 165
