WindNinja_Processing/data/slinkBig/vel.asc
ncols	140
nrows	145
xllcorner	268193.222300
yllcorner	4258704.620682
cellsize	112.710000
NODATA_value	-32768.000000
[rows 68 to 101 of 145, columns 0 to 76 of 140]
53.81 53.21 51.58 49.75 48.30 47.99 50.02 54.37 59.35 62.02 61.21 57.74 54.58 56.86 65.36 71.51 70.42 64.92 56.74 53.54 61.05 76.33 86.54 92.40 95.13 94.87 91.75 84.34 72.60 64.46 63.45 66.08 70.56 75.98 78.47 75.51 70.09 65.94 63.75 62.92 62.73 62.03 59.64 55.96 52.15 47.69 42.00 37.13 34.69 34.81 35.77 38.83 47.94 55.60 58.61 58.12 57.49 55.03 51.96 52.37 53.87 53.89 53.51 52.56 52.59 55.88 61.39 65.93 69.81 74.70 77.79 76.47 72.70 69.06 68.09 70.07 74.63
54.26 53.86 52.73 51.43 50.45 50.47 52.63 56.62 60.23 61.16 59.11 56.33 56.73 62.56 69.29 70.43 65.44 58.90 53.15 53.67 64.69 79.22 83.88 83.23 81.94 79.84 76.40 70.83 64.41 62.37 65.13 69.89 75.09 79.70 80.32 76.51 71.11 66.93 64.45 63.06 61.27 58.00 52.54 45.65 39.59 34.86 31.25 29.16 28.95 30.42 33.23 41.05 53.28 59.58 60.61 59.29 57.47 52.96 49.59 50.21 51.52 52.12 53.32 54.43 56.66 61.99 68.75 73.09 75.59 78.08 78.84 75.05 69.34 67.02 69.74 74.36 78.41
54.60 54.26 53.43 52.58 51.92 52.04 54.14 57.62 59.82 59.48 57.35 56.27 59.58 66.07 68.92 66.14 60.18 54.83 52.42 56.20 68.90 79.79 78.44 73.16 69.77 66.91 64.32 61.66 60.32 63.08 68.85 74.48 79.06 81.94 80.55 75.80 70.47 66.67 64.37 62.19 58.58 53.30 46.15 38.04 31.55 27.96 26.66 26.92 28.79 32.16 37.99 49.64 60.41 62.75 61.19 58.93 56.31 50.98 47.34 48.15 49.88 51.46 53.51 55.79 59.56 66.27 72.97 75.37 75.27 75.62 75.05 70.42 64.81 63.78 67.69 72.75 76.04
53.88 53.41 52.64 52.11 51.69 51.99 54.09 57.13 58.28 57.30 55.50 55.51 59.70 64.94 64.79 60.72 56.18 53.52 54.69 60.70 72.16 78.39 72.89 65.80 61.98 59.13 57.69 57.87 60.46 66.21 72.61 77.09 79.62 80.04 76.49 71.14 66.54 63.83 61.70 58.76 54.66 49.62 43.18 36.17 31.10 28.93 29.06 30.94 36.34 45.58 55.73 63.91 66.07 63.00 59.25 56.71 54.71 50.53 47.96 49.07 50.54 51.70 53.10 55.47 59.29 65.50 70.26 69.55 67.39 68.27 69.16 65.68 60.94 59.85 62.15 65.73 68.81
53.55 53.16 52.22 51.33 50.80 51.27 53.72 56.66 57.11 55.89 54.59 55.18 59.27 63.11 61.27 57.23 54.89 55.28 59.03 65.36 73.81 75.81 68.54 61.06 57.18 54.88 55.12 57.96 63.06 69.23 73.74 75.86 76.35 74.90 70.40 65.51 62.13 60.20 57.83 54.39 50.47 46.22 41.29 36.79 34.23 33.80 34.96 38.77 48.38 60.60 67.63 67.51 63.36 58.30 54.81 53.77 53.77 51.26 49.67 50.35 50.62 51.05 53.12 56.41 59.89 64.28 65.89 63.09 61.07 63.42 66.20 63.26 58.48 56.83 57.67 59.97 63.03
54.42 53.93 52.21 50.21 49.34 50.50 54.12 57.29 57.29 56.20 55.49 56.05 59.07 61.68 59.74 57.27 57.85 60.75 64.94 69.35 73.61 72.82 65.59 59.28 56.56 55.58 57.08 61.16 65.53 68.72 69.85 69.73 69.19 67.48 63.70 60.06 57.68 55.85 53.01 49.20 45.19 41.49 38.82 38.19 39.56 42.43 46.15 51.80 59.47 62.27 58.30 53.61 50.41 48.31 48.28 51.00 53.77 52.50 51.40 51.69 51.08 51.94 55.86 59.48 61.33 62.75 61.80 59.93 60.66 64.52 67.01 63.03 57.51 55.35 55.55 57.37 60.47
54.58 53.76 51.71 49.63 49.08 51.31 55.71 58.18 57.55 56.86 56.54 56.46 58.47 61.15 60.48 59.79 62.06 65.22 67.72 69.24 70.29 68.66 63.02 58.82 57.55 57.36 59.33 63.19 65.74 66.26 65.25 63.78 62.95 61.79 59.12 56.25 54.24 52.26 49.28 45.69 42.37 40.21 40.18 42.67 47.20 52.72 57.73 61.94 62.36 54.50 45.23 40.58 40.25 41.81 45.63 51.44 55.33 54.34 53.78 53.98 52.76 54.11 59.40 62.03 61.31 60.35 58.92 59.21 61.82 65.01 65.04 59.38 54.16 53.01 53.91 56.38 59.93
53.81 52.90 51.56 51.35 52.52 55.08 57.65 58.08 57.17 56.94 56.56 56.38 59.21 63.33 63.77 63.49 64.50 64.69 63.83 63.15 63.71 63.37 60.83 59.30 58.77 58.22 59.71 62.75 64.18 63.59 61.84 60.06 59.49 59.29 57.44 54.53 52.25 50.30 48.13 46.35 45.86 46.95 49.23 52.47 56.82 61.71 65.21 65.25 58.62 46.36 38.11 35.69 37.91 42.73 49.10 55.32 58.27 57.37 57.62 57.59 56.13 58.41 64.21 64.61 61.23 59.17 57.89 58.19 59.18 58.98 56.27 51.42 49.59 51.59 54.58 58.07 61.50
53.47 52.59 51.68 52.54 54.49 56.06 56.42 55.82 55.36 55.37 55.04 55.91 60.54 65.45 65.77 64.90 63.86 61.19 58.76 58.55 60.44 61.90 61.73 61.70 61.02 59.35 60.06 62.91 63.82 62.38 60.37 58.74 58.83 59.63 58.03 54.43 51.72 50.06 49.07 49.33 51.47 54.79 57.83 60.39 63.09 65.51 65.50 60.60 50.56 39.49 33.59 34.18 39.18 46.18 52.99 58.06 59.76 59.59 60.82 60.68 59.76 62.98 67.28 64.86 60.14 58.05 56.46 55.49 54.28 51.95 49.30 48.15 50.61 54.42 57.28 59.81 61.85
52.56 51.70 50.47 50.09 50.07 49.93 49.88 50.17 50.51 50.97 51.55 54.05 59.83 64.41 64.13 62.90 61.24 58.83 59.01 62.01 65.12 66.94 67.22 66.76 64.81 61.91 62.30 65.52 66.23 64.33 62.70 62.16 63.33 64.25 61.36 56.18 53.05 52.28 52.76 54.26 56.50 58.57 59.98 60.94 61.08 58.99 52.78 42.87 35.37 32.87 32.86 37.09 42.79 48.53 53.12 56.42 57.85 58.90 60.79 60.82 60.47 63.83 65.97 62.42 58.91 57.61 55.71 53.80 51.60 49.68 49.01 51.30 56.46 59.28 58.80 58.37 58.69
51.77 50.97 49.06 47.05 45.23 44.09 44.35 45.52 46.54 47.82 49.60 53.00 58.83 62.89 62.36 61.13 59.69 59.12 62.78 67.77 70.61 72.11 72.10 70.64 67.42 64.20 64.97 68.62 69.06 66.96 66.01 66.76 68.41 67.69 62.73 56.98 54.45 54.82 56.32 57.93 58.81 58.69 57.95 56.52 53.40 47.34 37.93 28.96 26.77 29.96 35.98 42.56 47.12 50.43 53.08 55.91 58.52 61.15 62.75 61.30 60.93 63.42 63.79 60.63 58.71 57.64 55.15 52.57 50.54 50.02 51.07 55.19 61.19 62.19 58.47 56.13 55.91
53.10 52.02 49.05 45.92 43.86 43.03 43.84 45.43 46.77 48.26 50.16 53.52 58.98 62.58 62.00 60.92 59.99 60.72 65.31 70.00 72.68 74.56 74.14 71.71 67.97 65.18 67.33 71.36 71.21 68.73 68.17 69.14 69.33 66.03 60.44 56.58 55.80 56.48 57.03 56.91 56.03 54.17 50.92 46.18 40.61 34.95 30.43 29.34 32.40 39.07 47.16 52.76 55.57 58.02 60.88 64.17 67.78 69.85 68.68 64.29 61.94 62.67 61.77 59.26 58.13 56.42 52.91 50.39 49.48 50.35 52.55 57.52 63.82 63.42 58.32 55.91 56.45
53.04 51.66 48.57 45.56 43.85 43.66 44.94 46.77 48.09 49.23 51.00 54.27 59.25 62.18 61.46 60.56 60.02 61.22 65.95 70.90 73.96 75.26 73.43 70.07 66.43 64.79 68.78 72.71 71.52 68.76 68.48 68.78 66.93 62.27 57.66 55.55 55.99 56.45 55.56 53.72 51.37 47.75 42.29 36.06 30.98 28.47 29.57 34.79 43.08 52.85 60.51 63.86 65.66 68.50 71.91 75.62 78.17 77.46 72.96 66.49 62.94 62.46 61.60 60.31 58.82 55.29 51.50 49.85 50.14 51.75 54.45 60.04 66.34 64.74 58.76 56.79 58.55
51.02 49.43 47.09 45.64 45.21 46.22 48.12 49.88 50.37 50.75 52.04 54.87 58.71 60.25 58.91 57.70 57.26 58.97 64.53 70.18 72.42 71.63 68.19 64.55 62.03 62.06 66.90 70.75 68.75 66.01 65.61 64.90 61.64 56.98 53.27 52.45 53.38 53.64 52.31 49.66 45.42 39.79 34.79 32.09 32.02 34.67 39.93 47.38 56.21 65.13 71.14 73.97 76.54 79.68 82.26 83.76 83.59 80.43 75.21 70.39 68.54 68.57 67.97 66.55 64.06 60.57 57.97 56.80 56.18 56.49 58.40 63.68 69.16 66.38 59.96 58.62 61.39
50.37 48.39 45.46 44.34 45.05 47.01 49.37 50.50 50.14 49.68 50.53 53.12 55.92 56.48 55.24 54.42 54.80 57.50 63.71 69.07 69.52 66.84 62.78 59.50 58.21 59.30 63.97 67.42 65.57 62.98 62.10 60.52 56.47 51.98 49.75 49.87 50.72 50.59 49.02 45.54 39.80 33.91 31.24 32.81 37.80 45.04 52.90 60.49 67.91 74.57 78.41 81.26 84.52 87.03 87.44 86.49 84.22 80.21 76.42 74.78 75.06 75.28 74.39 72.64 70.38 68.48 67.47 66.13 63.51 61.22 62.34 67.88 72.23 67.83 61.31 60.76 64.07
48.72 45.69 41.10 38.52 37.88 39.00 41.20 42.54 42.23 42.32 44.32 48.05 50.99 51.87 52.01 52.69 54.67 58.49 64.23 67.86 66.14 62.20 58.46 55.97 55.60 57.22 61.42 64.41 62.84 60.39 59.10 57.10 53.17 49.62 48.22 48.21 48.38 47.71 45.59 42.09 38.67 36.94 38.00 41.96 47.60 53.76 59.42 64.66 69.94 74.51 76.76 78.38 80.42 81.41 80.52 79.14 77.44 74.67 72.68 72.36 72.91 73.32 73.06 72.04 70.77 70.15 70.18 69.79 68.13 66.79 68.88 73.12 74.26 68.62 62.38 62.19 65.46
45.64 41.91 36.17 32.01 29.22 29.49 32.13 34.13 34.43 35.40 39.07 44.53 47.98 49.53 51.17 53.22 56.43 60.58 64.76 66.11 62.83 58.71 55.87 54.27 54.51 56.03 59.26 61.56 60.18 57.89 56.27 53.92 50.35 47.71 46.76 46.41 45.83 44.40 41.93 39.65 39.63 42.35 47.24 52.65 57.01 60.14 62.71 65.52 68.77 71.39 72.12 72.30 72.55 71.94 70.65 70.08 69.77 68.45 67.78 68.17 69.04 69.90 70.17 69.66 69.27 69.74 70.86 71.99 72.53 73.52 75.35 75.82 73.85 68.54 63.43 63.31 66.10
48.73 42.71 33.49 27.70 23.75 24.02 27.54 30.10 31.12 33.18 38.87 46.08 49.94 52.07 54.69 57.35 60.66 64.07 66.31 65.91 62.55 59.21 56.80 55.06 54.47 54.71 56.76 58.39 56.92 54.57 52.59 50.15 47.50 46.07 45.33 44.24 42.42 39.97 37.93 37.65 40.09 45.31 52.00 57.86 62.15 65.38 67.94 70.11 71.79 71.91 70.36 68.29 66.15 63.98 62.53 62.74 63.54 63.69 64.47 65.88 67.22 68.06 68.39 68.78 69.88 71.44 72.94 73.85 74.03 74.71 75.13 74.05 72.44 68.62 63.77 62.96 65.19
54.88 45.81 32.85 25.80 20.76 21.30 26.02 30.01 32.28 35.34 42.72 51.17 55.18 57.50 60.15 62.63 65.43 67.79 68.50 67.21 64.21 60.97 57.76 54.84 53.05 52.69 54.29 55.21 53.40 50.95 48.88 46.96 45.63 44.93 43.65 41.55 38.92 36.56 35.88 37.58 42.03 49.05 56.28 61.84 66.51 70.58 73.30 74.46 73.79 71.42 67.92 64.26 60.92 58.31 57.23 58.42 60.51 62.17 63.99 65.74 66.79 67.19 67.71 69.18 71.48 73.48 74.57 74.40 73.47 73.41 73.23 72.24 71.13 68.16 63.35 61.97 64.08
65.17 52.39 34.27 26.21 22.27 24.86 31.17 36.39 38.98 41.75 49.49 58.29 62.04 64.37 66.81 68.95 71.25 72.92 72.73 70.68 66.81 62.08 57.45 53.64 51.80 51.79 52.55 52.00 49.58 47.06 45.41 44.60 44.18 43.25 41.42 39.66 38.63 38.85 40.64 43.79 48.69 55.43 61.75 66.34 70.00 72.42 73.26 73.06 71.74 69.67 67.39 65.25 63.35 62.04 61.87 63.60 66.44 68.18 69.26 69.50 68.97 68.63 69.31 71.22 73.53 74.90 75.11 74.16 72.76 72.54 72.45 71.81 70.51 67.21 63.76 63.49 66.04
79.79 62.17 37.57 28.21 27.05 33.14 40.54 45.63 47.45 50.04 58.55 67.01 70.38 72.37 74.14 75.65 77.40 78.54 77.34 73.57 67.78 61.48 56.13 52.41 51.03 50.80 50.02 48.30 45.96 43.90 43.46 44.60 45.03 43.55 41.51 40.74 41.73 44.32 47.80 51.45 55.78 61.39 66.46 69.65 71.42 71.49 70.53 69.89 69.48 69.25 69.19 69.17 69.14 69.28 69.84 71.90 74.39 75.24 74.62 72.85 70.89 70.22 71.17 73.21 74.97 75.32 74.70 73.30 71.72 71.59 72.09 72.28 71.11 67.99 65.50 66.21 68.64
90.87 72.22 45.30 36.46 37.98 44.93 52.29 57.41 59.48 62.65 70.40 76.60 78.59 79.68 80.73 81.62 82.38 81.88 78.03 71.44 64.24 57.96 53.62 51.14 50.20 49.61 48.62 47.68 46.71 45.86 47.30 50.80 51.44 48.56 46.01 45.52 46.59 48.71 51.18 53.80 57.99 64.10 68.88 70.66 70.57 69.18 67.87 67.90 68.65 69.39 70.15 70.97 71.88 72.85 74.06 76.39 78.63 78.34 76.19 73.36 71.12 70.71 71.83 73.31 74.02 73.57 72.73 71.63 70.87 72.27 74.68 75.94 74.65 71.98 70.82 72.05 73.07
95.71 77.04 53.34 48.43 51.45 58.30 65.94 71.59 74.24 76.75 81.27 84.36 85.01 85.38 85.62 85.26 83.97 80.56 73.63 65.36 58.54 53.84 51.48 50.35 49.83 49.69 50.02 51.05 51.86 52.43 55.38 59.66 58.84 54.10 51.22 50.59 50.79 51.56 52.53 54.30 59.04 65.78 69.45 69.21 67.46 65.45 64.77 66.10 67.93 69.02 69.88 70.93 72.30 73.80 75.51 78.06 79.57 77.81 74.51 71.35 69.46 69.59 70.72 71.46 71.52 70.93 70.29 69.78 70.30 73.86 78.26 79.87 78.19 76.44 77.20 79.10 78.35
92.76 74.41 57.05 57.78 63.69 72.14 79.91 84.13 85.04 85.59 87.54 88.61 87.78 86.09 83.54 80.13 76.10 70.49 62.74 55.79 51.69 50.01 49.99 50.33 51.14 52.72 54.93 57.54 59.12 59.85 62.55 65.58 62.94 57.47 54.59 53.38 52.86 53.41 54.69 56.96 61.34 65.78 66.32 63.93 61.72 60.69 61.63 64.13 66.21 66.85 67.25 68.33 69.86 71.21 72.35 74.05 74.28 71.29 67.85 65.54 64.60 65.15 66.29 67.06 67.56 67.53 67.35 67.59 69.25 74.08 79.49 80.10 77.53 76.12 77.85 79.17 76.92
83.56 70.25 60.40 66.25 76.24 85.66 90.78 91.23 89.54 88.48 88.91 88.26 85.11 80.25 74.54 69.07 64.04 58.35 51.90 47.31 46.30 47.74 49.77 51.48 54.04 57.58 61.25 64.44 65.62 65.60 67.32 68.87 65.17 59.54 56.38 54.52 53.85 55.31 57.77 59.97 62.13 62.93 60.83 57.79 56.38 56.97 59.34 62.14 63.37 63.20 63.56 64.77 65.99 66.48 66.59 67.01 66.26 62.95 60.20 59.17 59.04 59.89 61.57 63.06 64.38 64.85 64.88 65.55 67.74 72.91 77.67 77.04 73.82 73.09 74.61 74.47 71.92
75.24 67.25 67.17 76.25 85.27 89.63 88.94 85.28 82.04 80.63 80.32 78.03 72.89 66.64 61.43 58.09 55.14 51.38 47.06 44.41 45.44 48.58 50.81 52.18 55.14 59.43 63.50 66.42 66.96 66.68 68.27 69.44 65.72 60.49 57.54 56.04 56.48 59.26 61.28 60.74 59.55 58.17 55.90 54.09 54.01 55.47 57.80 59.61 60.02 60.14 61.24 62.21 62.01 60.90 59.96 59.93 58.86 56.00 54.22 54.28 55.13 57.52 61.04 63.57 65.09 64.86 63.85 63.68 64.98 68.92 72.09 70.42 68.22 69.21 70.32 69.27 68.03
65.21 66.34 74.55 82.60 85.72 83.22 77.68 72.16 68.96 68.02 67.14 63.56 57.67 52.30 50.28 50.70 50.22 48.15 45.46 44.26 46.57 50.24 51.52 51.86 54.89 59.80 63.97 66.26 66.29 66.06 67.93 69.43 66.20 61.48 58.99 58.62 60.73 63.71 63.07 58.79 55.21 53.33 52.17 52.09 53.10 54.57 55.82 56.28 56.57 57.59 58.77 58.52 56.64 54.44 53.56 54.06 53.60 51.78 51.08 52.06 54.31 58.77 63.78 66.20 66.56 64.63 62.30 61.21 61.15 63.17 64.74 62.90 61.92 64.68 65.66 63.95 63.89
59.76 63.94 72.32 75.19 72.66 67.43 62.65 59.80 59.12 59.31 57.67 53.38 48.38 45.37 46.53 49.37 49.20 46.81 44.50 43.96 46.95 50.83 51.73 52.29 56.55 62.72 66.65 67.70 67.12 66.99 69.12 70.61 67.15 62.38 60.89 62.41 65.17 65.99 61.97 55.67 51.67 50.26 50.28 51.41 52.65 53.04 52.43 51.56 51.65 52.51 52.73 51.34 49.54 49.36 50.77 52.72 53.31 53.11 53.98 56.23 59.60 64.23 67.93 68.26 66.60 63.40 60.60 58.88 57.70 58.24 59.05 57.57 56.95 58.02 57.03 55.71 57.17
56.10 59.50 62.66 59.96 54.92 51.33 50.62 51.82 53.52 53.51 50.77 46.65 43.68 43.48 46.96 50.35 49.27 46.04 44.02 43.97 47.53 51.70 52.92 54.58 60.41 67.28 70.10 69.71 68.94 69.47 71.82 72.32 67.83 63.41 63.79 66.79 68.25 65.69 59.28 52.67 49.15 48.52 49.65 51.45 52.15 50.74 47.99 46.08 46.14 46.74 46.50 45.20 44.91 47.77 51.82 54.74 56.39 57.95 60.32 63.38 66.58 69.30 70.17 68.08 64.98 61.45 58.49 56.14 54.29 54.23 54.40 52.89 51.37 49.38 46.14 46.66 51.33
53.86 54.16 53.21 50.58 48.36 48.55 50.84 52.76 52.54 49.64 45.55 42.43 41.61 43.44 47.73 50.77 49.18 46.70 45.87 46.81 50.94 55.07 56.82 59.50 65.65 71.53 72.91 71.92 71.80 73.23 74.90 73.55 68.85 66.14 67.52 69.18 67.55 62.37 55.65 50.30 47.99 48.29 49.79 50.92 50.17 47.25 44.29 43.89 45.34 46.04 45.75 45.02 46.10 50.60 55.21 57.87 59.80 61.73 63.69 65.49 66.57 67.20 66.38 63.52 60.50 57.38 54.75 52.55 51.10 51.02 50.54 48.48 46.21 43.51 41.50 43.99 48.48
48.29 46.73 45.79 47.28 50.31 54.45 56.95 55.93 51.66 46.14 41.94 40.41 41.44 44.44 48.89 51.79 50.53 48.73 48.88 51.21 55.69 59.52 61.60 65.09 71.07 75.66 75.98 74.82 75.23 76.80 77.19 74.51 70.79 69.48 69.70 68.21 63.78 57.73 52.34 49.15 48.45 49.25 49.91 49.47 47.54 44.67 43.84 46.34 48.56 48.33 47.57 47.55 50.09 55.24 58.92 60.44 61.46 62.18 62.49 62.33 61.55 60.88 59.69 57.39 55.09 52.72 50.82 49.41 48.56 48.27 47.28 45.22 43.18 41.47 41.28 43.79 45.85
46.62 44.20 42.51 45.68 51.26 55.72 56.13 52.34 46.44 41.37 39.00 39.69 42.72 47.11 52.31 56.07 55.06 53.06 53.40 56.24 60.06 62.59 64.92 69.66 75.70 79.47 79.40 78.34 79.02 80.42 79.88 76.88 73.28 70.63 67.90 63.83 58.45 53.15 49.75 48.73 49.40 50.39 50.68 50.44 49.59 48.14 48.22 49.65 49.32 47.67 47.28 48.99 53.30 57.70 59.12 59.07 58.95 58.55 57.90 56.90 55.76 55.36 54.59 52.77 50.86 49.13 47.98 47.16 46.57 46.31 45.70 44.70 43.95 43.43 43.68 44.47 43.87
46.73 43.50 41.20 44.94 50.51 52.78 50.38 45.21 40.07 37.34 37.79 41.04 46.55 53.34 60.25 64.15 62.36 59.68 59.91 61.74 63.05 64.04 67.69 74.51 80.79 83.88 83.67 82.65 83.26 84.38 83.12 79.17 73.98 68.59 63.21 57.95 53.01 49.31 48.19 49.22 50.86 52.17 53.35 55.03 56.09 55.07 52.86 49.98 46.70 45.11 46.39 50.09 54.94 57.02 56.09 55.30 54.76 53.93 53.00 52.13 51.93 52.36 51.60 49.72 48.18 47.04 46.32 45.70 45.37 45.75 46.39 47.05 47.74 47.94 47.28 45.60 43.16
49.01 45.66 44.44 48.96 52.62 51.45 47.02 42.22 39.20 39.18 42.52 47.98 54.93 62.72 68.98 70.94 68.73 66.99 67.54 68.23 68.37 70.19 76.35 84.93 90.18 91.21 89.50 87.45 87.18 87.15 83.84 77.56 70.50 64.10 58.58 54.10 50.61 48.71 49.31 51.46 53.50 55.15 57.00 59.12 59.37 56.05 51.06 46.55 43.81 44.19 47.05 51.80 56.26 56.69 55.21 54.91 54.59 53.65 52.52 52.11 52.96 53.12 51.11 49.00 47.99 47.03 45.98 45.13 45.09 46.21 47.87 49.50 50.63 50.41 48.55 46.11 44.49
