WindNinja_Processing/data/slinkBig/vel.asc
ncols	140
nrows	145
xllcorner	268193.222300
yllcorner	4258704.620682
cellsize	112.710000
NODATA_value	-32768.000000
[rows 0 to 33 of 145, columns 0 to 76 of 140]
53.93 52.55 49.94 47.83 44.82 41.25 40.55 42.99 46.57 50.16 52.26 52.99 53.05 53.45 55.07 56.32 56.37 55.86 54.58 52.18 47.90 41.91 39.09 41.04 42.80 44.04 45.28 45.78 48.68 54.08 58.46 62.58 67.92 73.67 77.25 78.13 76.61 74.13 72.78 72.79 73.10 72.89 72.74 72.59 70.53 65.95 60.04 54.07 49.57 49.84 53.90 58.21 62.99 66.47 69.08 71.30 72.53 72.83 72.10 68.16 62.64 59.40 58.16 58.33 59.19 59.86 59.90 59.57 58.80 58.13 57.47 56.70 55.87 54.45 51.83 48.61 44.95
53.93 52.55 49.94 47.83 44.82 41.25 40.55 42.99 46.57 50.16 52.26 52.99 53.05 53.45 55.07 56.32 56.37 55.86 54.58 52.18 47.90 41.91 39.09 41.04 42.80 44.04 45.28 45.78 48.68 54.08 58.46 62.58 67.92 73.67 77.25 78.13 76.61 74.13 72.78 72.79 73.10 72.89 72.74 72.59 70.53 65.95 60.04 54.07 49.57 49.84 53.90 58.21 62.99 66.47 69.08 71.30 72.53 72.83 72.10 68.16 62.64 59.40 58.16 58.33 59.19 59.86 59.90 59.57 58.80 58.13 57.47 56.70 55.87 54.45 51.83 48.61 44.95
53.93 52.55 49.94 47.83 44.82 41.25 40.55 42.99 46.57 50.16 52.26 52.99 53.05 53.45 55.07 56.32 56.37 55.86 54.58 52.18 47.90 41.91 39.09 41.04 42.80 44.04 45.28 45.78 48.68 54.08 58.46 62.58 67.92 73.67 77.25 78.13 76.61 74.13 72.78 72.79 73.10 72.89 72.74 72.59 70.53 65.95 60.04 54.07 49.57 49.84 53.90 58.21 62.99 66.47 69.08 71.30 72.53 72.83 72.10 68.16 62.64 59.40 58.16 58.33 59.19 59.86 59.90 59.57 58.80 58.13 57.47 56.70 55.87 54.45 51.83 48.61 44.95
50.02 49.36 49.00 48.68 47.59 47.44 50.57 54.83 57.68 59.10 58.29 57.00 56.68 57.01 58.05 58.38 57.44 56.19 54.17 51.06 47.13 44.67 47.52 53.90 58.62 62.34 65.71 68.90 72.96 76.43 78.24 79.87 81.52 81.48 78.21 72.61 66.71 62.91 62.43 63.91 64.93 64.91 64.70 63.06 57.96 50.97 45.53 42.69 43.69 50.80 60.17 66.45 70.27 71.01 71.02 70.89 70.14 69.24 67.74 64.22 60.66 58.96 58.59 59.09 60.08 60.28 59.83 59.11 58.35 57.85 57.43 56.90 56.14 54.39 51.69 48.95 46.15
49.53 50.47 51.98 51.94 51.93 53.92 58.93 63.30 65.29 65.80 64.48 63.16 62.05 60.79 60.69 60.29 58.73 57.12 54.94 51.91 49.31 49.46 55.51 64.99 71.68 76.12 79.32 80.92 81.80 81.75 80.54 79.42 78.30 75.61 70.21 63.51 58.36 56.35 57.93 61.25 62.66 61.21 58.31 53.66 46.72 40.03 36.83 37.57 42.36 52.82 63.31 67.64 68.59 67.09 65.85 66.04 66.31 66.24 64.19 59.41 56.18 56.48 57.94 59.69 61.38 61.59 60.72 59.63 58.75 58.24 57.88 57.26 56.17 54.28 51.96 50.03 48.36
52.25 53.47 55.45 55.45 56.10 60.19 66.74 70.22 71.09 71.25 70.10 68.24 65.37 62.52 61.44 60.61 59.25 57.86 55.72 53.03 51.97 55.46 65.90 77.63 83.83 86.46 86.56 84.35 81.65 78.68 75.70 73.42 70.83 66.79 60.73 54.42 51.00 52.08 56.76 61.18 61.44 57.57 51.77 44.63 37.38 32.81 32.43 35.92 42.99 54.90 64.84 67.22 66.46 63.59 61.90 63.02 64.87 65.43 62.04 56.38 53.46 54.67 57.42 60.16 62.28 62.36 61.04 59.77 58.92 58.51 58.13 57.34 56.17 54.49 52.81 51.92 51.38
53.19 54.92 57.63 58.79 61.12 66.51 70.99 71.35 71.27 71.40 69.71 66.89 63.45 61.06 60.84 60.75 59.92 58.73 56.90 55.70 58.36 66.34 78.02 86.73 88.57 86.65 82.48 77.23 73.31 70.72 68.90 67.18 63.91 58.51 51.49 45.60 45.24 51.27 58.98 62.76 60.65 54.50 47.34 40.55 35.61 33.84 35.33 39.51 46.45 57.91 67.56 69.98 68.89 64.86 61.88 62.76 63.75 61.42 55.16 50.35 49.94 53.05 56.82 60.19 62.64 62.39 60.65 59.43 58.86 58.53 58.08 57.25 56.17 54.84 53.77 53.51 53.49
54.93 56.67 59.62 61.77 64.97 68.85 69.31 67.37 67.68 67.56 64.85 61.60 58.85 58.28 59.73 60.46 60.00 59.07 58.27 59.96 67.45 78.35 86.86 89.57 86.17 80.25 73.16 66.57 63.03 62.04 61.86 60.71 56.65 49.72 42.23 38.84 43.78 55.12 63.61 64.68 59.91 52.29 45.03 39.73 37.58 38.61 41.22 44.63 50.22 61.08 71.55 74.58 72.53 66.84 62.70 62.21 60.55 54.59 47.22 45.15 47.64 52.17 56.52 60.25 62.84 62.24 60.27 59.27 58.84 58.43 57.86 57.03 56.10 55.15 54.55 54.66 54.96
55.70 57.06 59.73 62.08 64.21 65.01 62.26 59.47 59.55 57.99 53.82 50.82 50.44 52.96 56.08 57.50 58.10 58.78 60.33 64.58 73.23 82.05 85.89 84.56 78.52 70.81 63.18 57.33 56.05 57.51 58.46 56.92 51.67 44.43 40.02 42.34 52.23 63.75 68.23 64.86 57.35 48.98 42.80 39.53 39.53 41.91 45.06 48.73 54.43 65.78 77.13 79.17 74.28 66.47 61.30 59.47 56.28 50.02 44.18 43.32 46.23 51.31 56.61 61.15 63.91 62.72 60.15 58.91 58.32 57.78 57.26 56.67 56.10 55.50 55.20 55.39 55.61
55.09 56.13 58.36 59.95 60.03 57.74 52.84 49.53 49.53 48.08 44.25 42.48 45.00 49.96 53.57 55.58 57.63 59.97 63.27 68.14 74.93 80.00 79.95 76.05 68.72 60.70 54.12 50.42 51.94 55.85 56.75 53.81 47.65 42.01 42.41 50.73 62.83 70.80 69.96 62.65 53.50 45.83 41.71 40.49 42.11 45.21 49.20 54.19 60.61 71.78 81.85 81.59 73.61 64.57 58.87 56.02 52.47 47.12 42.64 42.13 45.74 51.99 58.43 63.49 65.57 63.07 59.71 58.30 57.63 57.13 56.89 56.70 56.36 55.85 55.50 55.42 55.28
53.13 52.84 53.24 53.94 52.95 50.14 46.75 45.72 47.40 47.60 45.38 44.96 48.61 53.24 55.55 57.22 59.24 61.28 64.08 67.63 72.41 75.26 72.83 67.15 59.55 52.61 48.25 47.07 50.10 53.80 53.25 49.20 43.81 41.01 45.36 57.31 68.66 72.23 67.35 57.97 49.06 43.76 42.04 42.80 46.45 51.15 56.37 62.05 68.40 77.90 84.87 80.63 70.60 61.90 56.50 53.17 49.16 44.00 40.81 42.99 50.37 58.46 64.73 67.92 67.25 63.17 59.63 58.34 57.62 57.13 57.02 56.87 56.46 55.93 55.61 55.44 55.18
47.31 46.25 47.11 48.19 47.45 46.39 46.35 48.31 51.28 52.20 51.06 51.69 55.29 57.80 57.97 58.85 60.20 61.52 63.43 65.46 68.52 69.52 65.25 58.77 52.11 47.11 45.25 46.10 49.30 51.50 49.49 45.75 42.71 42.97 50.10 63.36 71.74 70.56 62.72 52.79 45.61 42.86 43.20 46.16 52.37 58.94 64.97 70.79 77.22 84.02 84.89 76.04 65.82 58.60 53.97 50.40 45.70 40.92 40.43 47.58 59.36 67.63 71.37 70.95 67.64 63.10 59.78 58.52 57.76 57.29 57.24 57.00 56.46 56.03 55.88 55.73 55.53
46.10 46.02 48.97 50.07 49.60 49.46 50.72 53.15 55.83 56.90 56.89 58.02 59.52 58.70 57.84 59.51 61.28 62.70 63.84 64.16 65.13 64.15 59.01 53.17 48.34 45.30 44.90 46.46 49.12 50.28 48.54 46.75 46.53 49.26 57.55 69.36 73.57 68.34 59.06 50.22 45.23 44.33 46.18 51.19 59.28 66.35 72.07 77.40 82.47 84.56 78.99 67.79 59.51 53.85 49.49 45.44 41.05 39.41 43.67 55.19 67.19 72.18 71.73 68.89 65.66 62.28 59.58 58.43 57.71 57.46 57.70 57.56 57.02 56.53 56.27 56.03 55.97
50.79 51.53 55.31 55.74 54.84 54.58 55.48 57.09 59.42 61.36 62.21 61.83 59.59 56.55 57.04 60.81 63.19 64.35 64.10 62.46 61.56 59.40 54.71 50.38 47.45 45.78 45.98 47.64 49.82 50.89 50.82 51.74 54.14 58.34 66.08 74.30 74.08 66.10 56.65 49.34 46.09 46.41 49.63 56.59 65.49 71.70 76.29 80.00 81.44 78.41 69.70 59.72 53.29 48.27 44.29 40.55 38.17 41.23 50.57 63.52 71.72 71.81 68.16 65.19 63.72 61.79 59.54 58.39 57.83 58.00 58.57 58.51 57.85 57.17 56.72 56.45 56.49
52.01 53.87 57.42 56.62 55.08 54.78 55.47 57.05 59.95 62.64 62.69 60.44 58.01 57.43 60.99 65.92 67.41 66.99 64.78 61.57 59.71 57.28 53.46 50.35 48.39 47.26 48.07 50.55 53.26 55.16 56.82 59.44 62.73 66.57 72.01 75.98 72.11 62.63 53.59 47.63 45.50 46.34 50.15 57.98 66.54 71.33 74.16 75.31 73.57 68.90 61.48 54.15 48.97 45.20 43.14 41.27 41.93 49.20 61.13 70.69 72.59 68.89 65.58 65.08 65.59 63.52 60.33 58.92 58.67 59.13 59.72 59.44 58.49 57.67 57.20 56.87 56.68
52.63 54.12 55.04 52.51 51.03 51.03 52.17 54.60 58.65 61.33 59.72 57.27 58.14 62.10 68.09 72.01 71.13 68.61 64.85 61.04 59.07 56.76 53.74 51.54 50.03 49.37 51.30 55.18 58.80 61.54 64.12 66.98 69.54 71.57 73.84 74.04 67.96 58.29 50.22 45.43 43.89 44.77 48.58 56.58 64.30 67.23 67.35 65.79 62.75 58.97 54.28 49.63 46.18 44.48 44.87 45.90 51.29 62.83 72.09 73.21 68.76 64.54 65.24 68.59 69.27 65.00 60.57 59.42 59.68 60.32 60.77 60.15 58.96 58.08 57.51 56.80 56.17
51.23 50.04 47.64 45.64 45.55 46.88 49.23 53.08 57.77 59.73 57.17 55.82 59.31 64.86 70.05 71.56 69.25 66.72 63.28 60.05 58.26 56.04 53.83 52.65 51.95 52.19 55.10 59.52 62.91 65.24 67.38 69.35 70.38 70.62 70.72 69.25 62.88 54.10 47.14 42.93 41.46 42.70 47.42 56.24 62.79 62.71 59.60 56.48 53.45 50.36 46.91 43.98 42.49 43.66 47.30 52.49 62.44 71.98 72.27 65.45 59.66 59.59 65.74 70.22 67.40 61.67 58.84 59.14 59.88 60.60 60.97 60.19 58.87 57.86 56.93 55.83 54.92
45.51 42.28 38.84 39.00 41.32 44.51 48.34 53.12 57.46 58.55 55.84 55.75 60.10 64.15 66.49 66.48 65.00 63.57 60.78 58.18 56.46 54.67 53.77 53.83 53.99 54.98 58.29 62.25 64.41 65.35 66.20 66.71 66.18 65.08 64.80 63.39 57.77 50.11 44.04 40.13 38.79 40.93 47.61 57.02 60.74 56.58 51.32 47.85 44.86 41.86 39.33 38.21 39.28 44.32 51.78 60.78 70.75 71.57 62.21 53.59 51.07 56.85 67.02 68.67 61.59 57.29 57.46 58.88 59.71 60.51 60.86 59.88 58.25 56.80 55.48 54.32 53.38
45.59 39.96 35.52 37.75 42.44 46.92 51.27 55.53 58.84 59.39 56.95 57.48 60.63 61.48 61.65 61.69 60.50 58.14 54.95 53.14 52.68 52.80 53.78 54.91 55.54 56.72 59.59 62.29 62.98 62.76 62.75 62.43 61.21 59.68 59.40 58.66 53.41 46.08 40.72 37.95 38.09 42.31 50.38 56.95 55.55 48.54 42.83 39.33 36.48 34.57 34.37 36.00 40.05 48.65 58.40 68.25 74.72 68.18 56.22 50.85 51.59 61.09 72.60 70.68 62.26 59.52 60.19 60.80 61.10 61.46 61.00 59.13 56.83 55.00 53.72 52.77 52.02
45.59 39.96 35.52 37.75 42.44 46.92 51.27 55.53 58.84 59.39 56.95 57.48 60.63 61.48 61.65 61.69 60.50 58.14 54.95 53.14 52.68 52.80 53.78 54.91 55.54 56.72 59.59 62.29 62.98 62.76 62.75 62.43 61.21 59.68 59.40 58.66 53.41 46.08 40.72 37.95 38.09 42.31 50.38 56.95 55.55 48.54 42.83 39.33 36.48 34.57 34.37 36.00 40.05 48.65 58.40 68.25 74.72 68.18 56.22 50.85 51.59 61.09 72.60 70.68 62.26 59.52 60.19 60.80 61.10 61.46 61.00 59.13 56.83 55.00 53.72 52.77 52.02
48.93 41.05 37.09 42.45 48.45 52.85 56.48 59.71 62.14 61.91 59.65 60.03 60.34 57.71 57.04 57.37 55.33 51.93 49.17 48.64 50.04 52.28 54.54 55.98 56.45 57.14 58.77 59.99 59.66 58.92 58.55 57.90 56.50 55.14 55.21 54.40 48.81 41.61 37.27 36.44 39.50 46.21 52.73 53.39 47.46 40.17 35.46 32.32 30.19 30.68 33.54 38.02 44.73 55.90 66.78 75.02 76.54 67.53 57.87 56.75 60.81 71.58 81.34 76.75 68.53 65.81 65.11 64.07 63.37 62.60 60.68 57.62 54.70 52.85 51.92 51.35 51.02
53.60 44.05 42.94 50.89 56.78 59.78 61.97 63.93 65.18 64.89 64.04 64.81 62.28 57.06 56.18 56.72 54.77 52.64 51.62 51.79 53.38 55.60 57.16 57.59 57.22 56.95 57.38 57.64 56.92 55.90 55.22 54.29 52.91 51.86 51.64 49.79 43.63 37.09 34.31 35.38 40.28 47.12 50.01 46.55 40.27 35.38 32.53 30.51 30.07 33.15 38.56 44.80 52.70 64.72 75.11 79.93 76.50 67.18 61.51 64.21 71.03 81.33 86.90 78.69 70.76 67.91 66.32 64.77 63.78 62.27 59.41 55.88 53.01 51.44 50.79 50.47 50.46
57.83 50.47 53.90 62.62 66.22 66.53 67.29 68.42 69.12 69.56 71.39 73.09 68.22 61.40 60.39 61.00 60.23 60.73 61.37 60.93 60.81 60.98 60.34 59.11 57.83 56.74 56.35 56.12 55.15 53.90 52.97 51.91 50.69 49.50 47.99 44.58 38.41 33.34 32.36 34.73 39.52 44.31 44.34 40.44 37.01 35.53 34.93 34.74 36.51 41.71 48.46 54.85 62.27 73.13 81.32 81.68 74.55 66.90 65.80 71.64 79.35 86.81 87.34 75.90 67.86 65.17 63.89 63.35 62.95 61.17 57.98 54.65 52.16 50.84 50.33 50.07 50.10
56.88 54.19 63.08 71.65 73.37 72.73 73.18 73.93 74.66 76.12 78.57 79.15 73.32 66.85 66.59 67.56 68.28 70.87 70.96 67.83 65.16 63.26 61.10 59.23 57.65 56.13 55.46 55.17 54.20 52.97 51.95 50.79 49.30 47.24 44.38 40.30 35.29 32.11 32.38 34.89 38.42 41.18 40.26 37.94 37.58 38.92 40.60 42.60 46.48 52.91 59.93 65.69 71.78 79.91 84.65 80.87 72.38 67.85 70.93 78.95 85.92 89.56 86.37 74.20 66.82 65.02 64.87 65.07 64.40 61.96 58.37 54.92 52.28 50.82 50.22 49.91 49.83
55.26 56.95 68.70 76.71 78.35 78.54 79.93 81.24 82.19 83.13 84.11 82.51 76.95 72.46 73.70 75.64 77.64 79.81 76.15 69.11 64.65 62.03 59.85 58.36 56.88 55.46 55.20 55.26 54.53 53.50 52.38 50.75 48.30 45.18 41.86 38.40 35.16 33.68 34.36 35.95 37.81 39.25 39.00 39.04 41.16 44.65 48.62 53.15 58.72 65.84 72.74 77.40 80.90 84.19 84.06 77.33 70.36 70.51 77.48 86.28 90.92 90.53 85.24 74.92 69.99 69.82 70.72 70.06 67.81 64.29 59.95 55.76 52.59 50.97 50.38 50.04 49.68
55.14 59.97 73.63 82.34 84.95 86.43 88.69 90.52 91.57 91.88 90.88 87.68 82.33 79.66 81.22 82.93 83.95 82.74 75.18 66.73 62.51 60.40 58.95 57.97 56.74 55.82 56.00 56.11 55.39 54.47 53.24 51.19 48.28 45.16 42.39 39.91 38.19 38.10 39.11 39.97 40.56 41.34 42.02 43.89 47.46 52.27 57.79 63.87 70.47 78.10 84.33 86.67 86.30 84.70 80.60 74.05 71.72 76.50 84.36 90.17 90.71 87.80 82.82 75.48 72.87 73.15 73.30 70.95 67.31 62.85 57.92 53.86 51.30 50.38 50.24 49.99 49.41
55.25 62.77 78.94 89.90 94.11 96.45 98.79 100.61 101.70 101.80 99.94 95.42 90.24 87.53 87.28 85.97 83.48 78.64 69.91 63.00 60.27 59.23 58.69 58.27 57.55 57.06 57.04 56.65 55.94 55.33 54.32 52.59 50.46 48.39 46.50 44.92 44.62 46.06 47.97 48.84 48.80 48.72 49.58 51.81 55.67 60.73 66.64 73.06 80.58 88.41 92.12 90.47 86.77 82.48 77.29 73.72 76.03 82.20 87.01 87.12 83.93 81.57 78.60 73.82 72.35 71.52 69.73 66.14 61.72 56.34 51.36 48.95 48.67 49.33 49.82 49.69 48.98
58.44 67.07 84.88 96.11 99.42 100.08 101.17 102.32 102.89 102.24 99.36 94.50 90.22 87.82 85.97 82.51 78.20 72.64 65.07 59.91 58.47 58.47 58.52 58.27 57.63 57.07 56.69 56.18 55.80 55.52 54.78 53.60 52.42 51.49 50.86 50.98 52.67 55.78 58.40 59.01 58.34 57.86 58.93 61.61 65.90 71.28 77.11 83.60 90.68 94.71 92.00 85.40 79.66 75.04 70.53 70.42 76.04 81.80 83.49 79.66 74.72 72.58 69.20 65.11 65.28 64.89 63.01 59.53 55.18 50.22 46.58 45.95 47.29 48.81 49.50 49.32 48.46
62.57 72.63 90.70 97.85 95.15 91.74 91.51 91.63 90.54 88.04 83.87 80.04 78.46 77.99 76.72 74.07 71.24 67.37 61.75 58.03 57.49 58.01 57.98 57.20 56.09 55.27 54.89 54.71 54.67 54.52 53.87 53.05 52.63 52.96 54.52 57.53 61.74 65.93 67.92 67.43 66.49 67.09 70.11 74.57 79.98 85.46 90.77 95.13 96.17 90.65 80.09 70.45 64.36 60.41 58.06 62.48 72.25 77.68 76.71 70.20 63.56 59.70 54.30 51.14 53.04 54.79 54.37 52.10 49.11 46.53 45.41 46.07 47.64 48.84 49.18 48.75 47.75
69.32 80.47 94.40 93.46 84.42 78.63 77.91 77.14 74.77 71.37 67.30 65.25 65.94 67.43 67.92 67.38 66.35 63.73 59.49 56.86 56.82 57.36 56.86 55.47 54.13 53.38 53.20 53.27 53.35 53.21 52.67 52.21 52.51 54.06 57.28 61.77 66.46 69.58 69.61 68.35 68.89 72.29 78.03 83.94 89.01 93.24 96.12 94.72 86.99 74.10 61.54 53.30 48.69 46.17 46.38 57.18 72.13 76.83 72.89 64.59 57.06 52.80 48.20 44.52 44.26 45.17 45.16 44.20 43.39 43.45 44.45 46.15 47.84 48.75 48.82 48.25 47.15
82.07 88.21 92.95 83.73 70.76 64.18 63.48 62.52 60.32 57.45 54.53 53.99 56.57 60.20 63.25 64.93 64.55 61.90 58.22 56.13 56.14 56.40 55.48 53.86 52.68 52.24 52.24 52.32 52.28 52.06 51.63 51.49 52.35 54.36 57.34 60.48 62.65 62.77 60.79 59.85 63.68 71.07 78.91 84.05 87.01 88.43 86.44 77.72 64.44 51.46 42.38 37.69 35.82 35.91 39.58 57.36 77.22 80.30 73.72 65.71 59.38 55.66 50.46 43.46 37.89 35.54 35.13 35.94 38.03 40.60 43.24 45.80 47.69 48.53 48.55 47.97 46.84
91.41 91.11 86.62 74.72 61.58 55.43 55.31 55.12 53.48 51.12 48.75 49.37 52.72 56.64 60.13 62.04 61.56 59.31 56.62 55.22 55.34 55.30 54.06 52.42 51.53 51.39 51.46 51.42 51.25 51.06 50.81 50.98 52.12 53.97 56.00 57.33 57.13 55.47 53.29 53.54 59.58 69.63 77.42 80.09 80.09 78.33 71.83 59.12 45.89 36.29 30.94 29.37 30.32 33.29 40.08 62.63 84.34 83.21 72.88 65.19 60.07 55.55 47.69 38.08 31.07 28.77 29.27 31.76 35.79 39.63 42.89 45.70 47.62 48.43 48.42 47.80 46.46
98.75 92.80 81.81 71.30 62.27 58.00 58.29 57.90 56.04 53.98 52.52 52.87 54.02 55.05 55.99 56.44 55.89 55.02 54.15 54.02 54.52 54.30 52.85 51.17 50.40 50.42 50.53 50.46 50.45 50.50 50.55 50.92 51.92 53.24 54.35 54.51 53.60 52.25 51.48 53.16 59.52 68.76 74.01 73.58 71.06 66.97 58.48 46.44 37.29 32.46 31.16 32.56 35.67 40.50 48.65 70.45 88.43 80.96 66.36 58.90 53.32 45.64 36.19 29.32 26.77 27.58 29.87 33.36 37.55 40.72 43.22 45.58 47.39 48.27 48.33 47.55 45.84
105.59 95.29 78.24 67.77 62.46 60.65 61.15 60.38 58.86 58.03 57.39 56.42 55.17 54.29 53.78 52.99 52.24 52.14 52.25 52.68 53.12 52.59 51.06 49.57 49.13 49.45 49.60 49.54 49.65 49.85 50.03 50.43 51.21 52.11 52.57 52.18 51.30 50.66 51.10 53.62 59.64 67.48 70.47 68.30 64.51 58.83 49.32 39.29 34.21 33.64 36.00 40.15 45.08 50.63 57.82 74.78 87.37 75.72 59.89 53.46 46.77 36.28 27.58 24.45 25.52 28.54 31.95 35.97 40.00 42.27 43.86 45.83 47.50 48.31 48.32 47.43 45.76
