WindNinja_Processing/data/slinkBig/vel.asc
ncols	140
nrows	145
xllcorner	268193.222300
yllcorner	4258704.620682
cellsize	112.710000
NODATA_value	-32768.000000
[rows 34 to 67 of 145, columns 0 to 76 of 140]
110.61 94.79 69.94 59.30 56.20 56.63 57.81 58.05 58.72 60.06 60.15 58.98 57.95 57.26 55.44 52.96 51.52 51.31 51.16 50.98 50.58 49.47 48.06 47.21 47.52 48.33 48.52 48.33 48.31 48.47 48.70 49.10 49.83 50.74 51.20 50.99 50.63 50.37 50.85 53.39 59.59 67.20 69.62 67.05 62.33 54.79 44.83 37.15 34.92 36.94 41.93 48.90 56.47 62.91 67.61 76.72 82.64 69.94 55.59 49.82 42.60 32.03 25.29 24.67 27.26 30.07 33.24 37.65 41.95 43.86 44.96 46.67 48.08 48.59 48.37 47.60 46.77
112.95 92.79 63.73 55.49 54.84 56.32 57.66 58.65 60.91 63.21 62.93 61.34 60.11 58.44 55.14 52.07 50.80 50.60 49.94 48.76 47.44 46.10 45.13 44.96 45.77 46.62 46.53 46.18 46.26 46.66 47.12 47.60 48.49 49.75 50.61 51.00 51.17 50.77 50.96 54.28 61.65 68.75 70.00 66.38 60.24 51.14 42.04 37.34 37.96 42.58 50.06 59.35 68.36 73.11 72.79 74.02 74.35 62.61 51.69 47.25 40.98 31.36 25.88 26.37 28.79 31.12 34.74 40.24 44.95 46.50 47.03 48.18 48.96 48.92 48.46 47.98 48.18
113.64 93.97 68.95 64.51 66.98 68.64 69.15 69.40 70.28 69.64 65.66 60.85 57.01 53.49 50.65 49.78 50.21 50.05 48.04 45.55 44.01 43.13 42.59 42.48 42.92 43.17 42.78 42.66 43.28 44.25 45.08 45.88 47.47 49.83 51.66 52.67 52.82 52.17 53.46 59.28 67.19 71.24 69.59 64.52 56.67 46.91 40.27 39.71 44.61 53.03 62.83 70.91 74.11 70.12 63.71 63.62 64.04 56.26 50.52 48.72 43.92 34.04 27.00 26.52 28.35 31.83 37.83 44.44 49.26 50.41 49.97 49.96 49.65 48.92 48.34 48.26 49.18
114.15 100.35 79.55 74.15 76.33 77.41 77.50 76.90 75.38 70.92 63.33 56.12 50.73 46.80 45.58 47.01 48.59 47.70 44.45 41.74 40.84 40.59 40.20 39.81 39.71 39.50 39.24 39.73 41.06 42.57 43.76 45.08 47.68 51.30 53.88 54.90 54.70 54.32 57.39 64.89 70.87 71.07 67.35 61.44 52.86 44.33 41.25 44.90 53.88 65.09 74.62 77.06 70.73 59.56 52.33 54.93 56.91 53.47 52.38 52.82 48.46 37.35 28.23 27.10 29.92 35.55 42.79 49.49 54.40 54.94 52.74 51.08 49.83 48.87 48.57 49.00 50.45
118.61 105.68 84.59 73.33 70.48 69.71 69.80 69.43 67.05 61.25 53.60 47.11 42.10 39.13 39.33 41.82 42.69 40.71 38.51 37.74 37.80 37.75 37.43 37.25 37.35 37.49 37.88 39.06 40.71 42.20 43.64 45.70 49.55 54.16 56.53 56.62 55.88 55.89 59.61 66.45 69.85 67.82 63.38 57.16 49.82 45.20 46.74 54.29 65.34 74.80 77.92 71.23 59.40 50.82 48.98 53.28 54.63 54.82 58.00 58.71 54.39 42.02 32.49 33.10 38.53 44.66 49.97 55.14 59.99 58.61 53.42 50.64 49.72 49.59 50.18 51.15 52.62
121.31 107.96 83.45 69.11 63.62 60.94 60.41 59.44 56.27 50.50 43.81 38.53 34.68 33.15 34.93 38.38 38.28 35.85 34.87 35.03 35.18 34.90 34.56 34.64 35.14 35.85 36.96 38.75 40.57 42.22 44.33 47.62 52.73 57.46 58.67 57.51 56.41 56.73 60.51 66.30 67.83 64.30 59.20 53.68 49.38 48.81 53.84 63.95 74.31 77.80 71.90 58.81 47.84 44.83 48.03 53.67 55.82 59.69 65.49 64.38 58.07 46.72 39.17 43.27 50.14 54.06 56.07 59.53 64.00 61.20 53.80 51.00 50.82 51.46 52.61 53.73 54.89
122.15 108.05 81.57 66.06 59.90 55.75 53.23 50.37 46.16 40.87 36.22 33.49 32.50 33.76 37.77 42.33 41.66 38.36 35.90 33.92 32.57 31.83 31.68 31.98 32.57 33.41 34.93 37.29 39.90 42.99 47.04 52.03 56.97 59.67 58.75 56.49 55.60 56.79 61.07 66.17 66.40 62.14 57.64 54.43 53.07 54.25 59.43 67.97 73.33 68.21 55.74 43.10 37.20 39.73 47.47 55.39 59.69 65.46 70.35 66.18 59.19 52.69 49.45 54.17 58.75 60.81 62.55 66.76 71.48 66.36 57.23 53.86 53.58 54.16 55.30 56.40 57.55
122.37 106.49 78.46 63.45 56.93 51.58 47.23 43.08 38.50 34.31 32.34 32.33 34.39 38.19 43.47 47.72 45.53 40.40 35.81 31.86 29.48 28.79 29.20 29.76 30.37 31.54 33.75 36.98 40.95 46.15 52.18 57.43 60.28 60.32 57.94 55.55 55.46 57.48 61.63 65.24 64.03 59.84 56.88 55.78 55.93 57.43 61.65 67.11 66.30 55.17 41.74 33.05 31.57 38.49 50.42 60.03 65.72 71.42 73.55 67.32 61.33 58.99 59.88 62.87 64.91 67.11 71.77 78.05 79.07 69.65 59.80 56.71 56.75 57.39 58.46 59.43 60.54
120.92 100.94 74.24 63.12 55.74 49.87 44.18 39.42 35.77 34.36 36.26 40.14 45.07 49.45 52.39 51.91 44.68 36.61 31.30 27.99 26.93 27.65 28.69 29.16 30.04 32.10 35.43 39.86 45.47 52.67 58.92 62.20 62.94 61.96 59.72 57.84 57.44 58.02 59.65 60.49 58.14 54.73 53.06 52.66 52.77 53.97 57.60 61.41 57.52 46.10 37.05 34.10 37.11 47.64 61.20 70.71 75.74 78.92 77.21 70.53 65.99 63.48 64.32 67.77 71.43 75.85 81.69 84.44 78.80 68.56 63.69 63.48 63.24 62.80 62.74 62.89 63.37
116.66 96.98 73.01 63.39 55.37 48.41 41.94 37.93 36.12 37.28 41.89 48.29 53.69 55.97 54.53 48.51 37.84 29.12 24.70 23.25 24.41 26.94 28.54 29.21 30.93 34.26 38.90 44.51 51.62 60.00 65.24 66.53 66.18 64.62 62.07 59.63 57.54 55.74 54.88 54.32 52.79 51.25 50.67 50.17 49.63 50.58 53.83 56.19 51.23 42.25 38.14 40.01 46.62 59.68 73.49 81.35 83.85 83.34 78.59 72.22 67.78 63.98 64.97 70.66 76.71 81.76 84.69 81.32 72.49 66.02 66.26 68.37 68.06 66.80 66.09 65.80 65.76
113.57 98.23 76.03 64.54 55.86 48.69 43.68 41.35 40.49 41.06 42.87 44.52 43.98 40.60 35.02 27.76 21.04 17.77 16.55 17.64 21.09 25.10 27.29 28.92 32.48 37.93 44.25 51.34 59.85 68.87 73.00 72.32 69.89 66.03 61.69 57.89 54.67 52.37 51.79 52.41 52.80 52.85 52.66 51.73 51.42 53.56 56.78 56.95 52.03 46.81 46.46 49.74 55.39 65.72 76.18 80.66 80.88 78.03 72.04 66.20 62.25 60.10 62.87 68.21 72.04 73.44 71.15 63.28 55.19 53.25 57.19 62.28 65.33 66.59 67.33 67.62 67.41
114.26 99.18 76.60 63.57 54.40 48.44 44.89 42.82 41.22 39.42 37.04 32.98 26.70 19.42 12.56 7.33 6.62 7.59 9.52 13.94 19.92 25.00 27.63 30.35 36.10 43.64 51.36 59.88 69.20 77.52 79.52 75.94 70.51 64.51 59.12 54.67 51.26 49.79 50.69 52.85 54.59 55.60 55.75 54.94 55.64 58.82 60.89 59.14 55.72 54.27 55.91 58.37 61.04 67.01 73.87 75.90 74.75 71.12 65.28 60.13 56.35 55.74 58.71 61.70 62.48 60.97 55.62 46.47 40.25 42.54 50.33 57.94 63.25 66.15 67.86 68.55 68.22
116.85 97.87 70.59 56.63 47.56 41.99 37.42 33.44 29.82 26.05 21.65 16.31 10.58 5.21 1.03 2.17 2.44 2.56 8.84 16.32 23.86 29.39 32.56 36.17 43.07 51.39 60.06 69.05 77.56 82.59 79.74 72.34 65.27 59.28 54.32 50.32 48.08 48.55 51.10 54.21 56.57 58.07 58.40 57.80 59.02 61.72 61.97 59.55 57.84 58.06 59.21 60.15 61.68 67.24 74.13 75.55 73.18 68.44 61.61 55.39 50.92 50.94 54.18 56.07 56.82 56.33 51.88 45.84 43.08 48.16 57.27 62.47 64.21 65.69 67.39 68.22 67.79
118.13 93.32 59.79 46.96 38.27 32.32 26.69 21.48 16.57 11.67 6.51 1.99 2.39 4.79 5.94 5.43 2.52 6.64 14.63 23.26 31.11 36.66 40.13 43.96 50.83 59.69 68.83 77.15 82.37 81.80 73.98 64.45 57.82 52.83 48.76 46.07 46.03 48.82 52.72 56.34 58.92 60.30 60.26 59.96 61.77 63.78 62.61 60.30 59.68 60.22 60.32 60.26 62.01 68.65 75.78 75.91 71.99 65.42 57.21 50.44 47.05 49.19 52.79 53.96 55.48 56.33 53.99 51.83 52.64 59.02 66.76 67.57 65.29 65.59 67.04 67.42 66.56
114.62 84.16 48.19 37.81 29.92 24.38 18.97 13.69 8.81 4.17 1.84 4.69 6.59 7.06 5.88 3.33 7.16 16.71 26.20 35.63 43.07 47.42 49.36 51.37 56.94 65.30 73.33 78.20 78.27 72.73 62.35 53.61 48.86 45.83 44.16 44.16 46.28 50.36 54.88 58.81 61.35 62.34 62.49 63.56 65.99 66.39 63.95 62.43 62.80 63.51 63.28 63.19 65.02 70.97 76.71 75.52 70.92 63.97 56.19 51.87 51.81 55.72 58.50 59.67 62.06 62.29 60.70 59.93 61.77 68.01 73.96 71.36 67.35 66.97 67.41 66.35 64.50
105.95 76.21 42.00 31.47 23.83 18.75 13.74 8.86 4.87 2.84 4.70 6.26 6.15 4.30 0.81 6.18 17.28 30.09 40.75 50.11 56.15 57.87 57.28 57.09 60.76 68.15 73.57 74.06 69.81 61.82 51.47 44.06 41.14 40.71 42.06 44.36 47.51 52.38 57.83 61.98 63.95 64.44 65.19 67.49 69.47 67.84 65.18 64.90 65.50 65.69 65.47 65.58 67.16 72.02 76.55 74.53 69.43 62.53 56.35 55.72 59.31 64.27 67.38 70.22 72.06 69.50 66.78 67.22 70.13 76.43 79.72 74.34 68.88 67.81 67.42 65.22 62.39
90.63 68.71 40.28 28.62 21.40 16.66 12.44 8.88 6.67 6.13 7.07 7.25 6.23 5.61 9.00 17.24 30.00 43.09 52.67 59.93 62.80 62.15 61.46 61.84 65.26 71.37 73.70 70.26 63.23 54.33 44.89 38.78 37.83 39.95 43.03 45.68 49.27 55.41 61.49 64.59 65.40 65.94 67.43 70.10 70.57 67.02 64.06 63.44 62.73 62.21 62.52 62.89 64.58 69.25 73.03 69.13 61.93 53.82 48.82 53.38 62.71 69.92 73.54 74.89 73.38 70.18 70.40 74.08 79.79 84.23 82.59 74.82 69.86 69.67 69.05 65.51 60.75
74.28 59.80 38.66 27.82 21.45 17.46 14.51 12.55 11.51 11.14 11.76 12.24 13.32 15.45 20.03 29.35 42.60 54.31 61.50 65.48 65.33 64.52 65.87 67.25 69.70 73.49 72.24 65.26 56.30 47.22 39.59 36.43 38.53 42.93 46.48 48.72 52.78 59.75 64.92 66.01 65.96 67.00 69.31 71.63 70.00 64.74 61.27 59.79 57.98 57.40 58.18 58.88 60.68 65.15 66.97 60.64 51.85 44.01 41.52 51.74 67.81 76.00 76.53 73.67 70.10 69.65 74.34 81.04 85.95 86.65 80.58 72.88 70.03 71.32 70.01 64.62 58.21
63.48 53.60 37.47 28.02 22.84 19.76 17.90 17.13 17.01 17.11 18.10 19.49 22.14 25.23 30.20 41.74 54.62 63.52 67.79 68.95 67.69 68.02 69.31 68.47 68.68 70.00 65.03 55.63 46.92 40.17 37.08 39.28 44.90 50.43 53.52 55.00 58.51 64.29 67.22 66.78 66.75 68.12 70.08 71.05 68.56 63.87 61.35 59.70 57.52 56.80 56.84 56.49 57.10 59.87 59.46 52.79 46.29 43.60 47.21 62.20 79.15 82.35 76.38 71.25 69.63 72.12 77.06 80.42 79.58 75.28 68.87 65.14 65.53 66.30 63.06 57.92 54.25
57.37 50.09 37.23 29.56 25.86 23.73 22.68 22.55 22.89 23.26 24.57 26.89 30.66 34.62 41.18 54.95 65.21 70.18 71.96 71.53 70.37 70.85 69.74 65.78 64.35 63.24 55.15 45.43 39.31 36.79 39.48 47.41 55.48 60.61 62.31 62.38 64.26 67.71 68.52 67.30 67.19 68.22 69.50 69.88 68.12 65.47 63.72 61.55 59.12 57.86 56.27 54.15 53.66 54.83 53.80 49.20 47.27 51.49 62.22 79.20 88.76 82.55 72.34 68.80 70.60 74.17 75.38 72.06 65.87 59.61 56.15 57.32 59.32 57.52 52.87 50.24 50.75
53.50 48.18 39.90 35.46 33.24 31.52 29.87 28.78 28.24 28.24 29.71 32.53 36.38 41.16 50.02 63.99 71.64 74.32 75.43 74.93 74.38 74.39 69.49 62.82 59.62 56.11 47.56 40.63 38.39 40.56 48.84 61.39 69.48 71.72 70.30 67.62 67.01 68.20 67.75 66.39 66.22 67.10 68.53 69.79 69.47 67.85 65.49 62.67 60.40 58.96 56.74 54.92 55.23 56.59 56.61 55.89 58.81 66.83 78.59 88.68 86.96 73.79 65.06 65.76 69.39 70.59 67.05 60.76 55.75 52.94 53.46 55.41 54.51 50.56 47.73 47.67 49.50
52.19 49.19 45.15 43.58 42.37 40.15 37.04 34.54 33.08 32.81 34.57 37.30 41.10 46.16 57.08 70.66 76.17 78.09 79.47 79.46 79.29 77.33 68.42 58.98 54.28 50.24 44.53 41.47 42.94 50.59 64.96 79.70 84.55 81.54 75.43 69.52 66.53 66.26 65.91 65.26 65.45 66.72 68.96 71.63 72.37 70.18 66.89 63.63 61.74 60.46 58.72 58.76 61.09 63.97 66.27 69.41 75.25 82.14 87.13 85.24 74.90 62.45 57.94 62.05 65.60 63.12 57.41 52.69 50.75 51.69 54.20 53.89 49.87 46.42 46.24 47.70 49.15
51.76 50.01 47.76 46.75 45.26 42.41 39.38 37.94 38.12 39.58 42.15 45.23 49.12 54.69 65.28 76.07 79.59 81.36 83.30 83.36 81.90 76.51 64.79 54.72 50.34 47.87 45.84 46.18 51.97 67.08 84.94 94.57 91.57 82.81 74.00 67.12 64.19 64.88 66.52 67.76 69.53 72.55 76.25 79.65 79.47 74.49 68.87 64.74 62.56 60.91 59.59 61.50 65.78 69.99 73.63 77.50 81.48 82.76 79.31 70.34 60.17 54.12 54.31 59.23 61.44 57.61 53.04 49.35 47.01 48.22 50.82 50.16 47.98 46.12 45.84 46.62 47.58
50.95 49.72 47.89 46.53 44.45 41.78 39.75 40.35 44.30 49.01 53.02 56.46 60.63 65.60 73.36 79.98 82.44 84.66 86.00 84.61 80.86 72.43 60.19 51.51 48.38 47.96 49.56 54.08 66.55 88.08 101.36 99.89 88.71 76.68 68.02 62.84 61.97 65.39 69.98 74.02 78.78 84.61 89.34 90.58 85.79 76.98 69.16 64.52 61.69 59.40 58.59 62.32 68.11 72.65 75.76 77.57 76.76 71.56 62.84 53.72 48.53 49.27 53.36 57.59 58.25 54.69 50.56 45.70 41.80 43.05 46.79 48.18 48.71 46.97 44.97 44.31 45.11
50.70 49.92 48.69 47.98 47.45 47.54 48.32 51.42 57.51 63.06 67.27 70.87 74.26 77.40 81.92 85.27 87.05 87.95 85.73 80.22 73.48 64.48 54.71 49.23 48.45 50.56 55.47 63.81 80.43 99.07 101.14 89.73 76.07 65.79 60.32 58.64 61.22 68.11 75.41 81.26 86.78 91.39 92.31 87.80 78.44 69.13 63.31 60.48 58.74 56.89 56.58 60.72 66.31 69.72 71.21 70.39 66.00 57.68 48.86 44.35 45.45 50.41 55.18 57.19 55.90 51.22 45.42 39.75 36.95 40.34 46.13 48.68 48.95 45.73 42.81 42.31 43.76
51.31 50.91 50.49 51.20 53.58 58.08 63.99 70.16 75.58 79.47 82.76 85.92 87.99 88.95 90.08 91.54 92.06 89.09 80.93 71.47 63.15 55.73 49.84 48.24 50.50 55.02 62.04 72.81 88.96 98.66 88.80 72.14 60.77 54.66 53.53 56.18 62.91 73.06 81.69 86.79 89.30 88.59 83.02 73.13 62.58 56.22 54.37 54.75 55.24 54.18 53.51 56.43 61.09 63.29 63.35 60.64 54.73 46.81 40.98 42.08 48.97 55.09 57.72 56.46 52.14 45.13 38.22 34.21 34.27 40.13 47.37 49.86 48.65 43.49 40.39 40.94 43.21
51.46 51.70 52.73 55.21 59.75 66.65 75.01 81.50 85.27 86.92 88.58 90.60 92.35 93.55 94.64 96.14 94.32 86.39 75.17 65.83 59.16 54.28 50.58 50.03 53.38 58.77 66.88 79.33 91.98 92.46 76.91 61.41 54.07 51.87 54.02 59.73 68.77 79.35 86.02 87.20 84.79 79.37 70.75 60.41 52.00 48.20 48.55 50.89 52.61 51.69 50.30 52.31 56.69 58.64 58.14 54.64 48.68 42.92 40.66 45.59 54.55 58.52 57.48 52.92 45.98 38.35 33.00 31.78 34.15 41.29 49.12 51.57 49.45 42.68 38.81 39.69 42.21
52.08 52.90 55.31 59.20 64.58 71.40 78.66 82.47 83.25 82.91 83.00 84.30 87.33 91.78 96.13 97.01 91.13 80.54 71.09 65.32 61.80 58.46 55.29 53.76 56.34 61.56 70.23 82.59 89.78 83.84 69.15 58.57 55.60 56.74 61.18 68.47 77.42 85.20 86.98 82.61 75.77 68.43 60.55 52.47 46.77 44.88 46.37 49.54 51.47 50.47 48.73 50.23 53.99 55.71 55.41 52.14 47.30 44.47 45.24 51.69 59.07 58.77 53.89 47.00 39.09 33.04 30.69 31.95 35.51 43.08 51.61 54.42 51.25 42.81 37.72 38.32 40.58
52.90 54.41 57.71 61.56 65.76 70.21 73.77 73.77 72.31 72.21 73.31 76.28 81.31 87.42 91.86 89.20 79.92 70.99 66.53 65.08 63.42 60.62 57.85 57.39 59.97 65.04 73.47 84.40 87.26 79.69 69.37 63.19 62.34 64.30 69.12 76.58 84.20 88.30 85.72 78.34 70.56 64.30 58.24 51.43 46.90 46.23 48.69 52.47 54.19 52.52 50.19 50.22 52.73 54.25 54.76 52.08 48.32 47.33 49.11 54.67 58.53 54.23 47.32 40.22 33.59 30.80 31.96 34.95 38.66 46.20 55.41 57.60 51.97 41.76 35.88 36.31 38.50
54.44 56.32 59.55 61.58 62.49 62.73 61.83 59.52 58.49 60.38 64.33 69.97 76.09 80.32 80.95 75.42 66.52 62.02 62.79 64.33 62.88 60.34 59.22 60.55 64.25 69.57 78.02 88.22 89.42 82.58 75.99 72.31 71.08 71.69 75.48 82.30 88.18 89.11 84.41 77.57 72.08 68.18 63.02 55.92 51.31 51.59 55.32 59.56 60.29 57.15 53.73 51.89 52.97 54.56 55.76 53.14 49.55 48.91 50.24 53.59 53.77 47.22 40.45 34.88 31.27 32.75 37.22 40.89 43.82 50.42 58.95 59.06 50.95 40.24 34.39 34.39 36.81
55.25 56.80 58.85 58.94 57.63 55.59 52.88 50.59 51.48 54.98 60.70 67.42 72.31 73.19 71.04 66.91 62.33 62.06 64.54 64.82 62.66 61.45 62.17 64.86 69.49 75.20 83.85 93.44 92.35 85.01 79.47 76.68 75.55 76.00 79.90 86.38 89.98 87.72 81.97 76.75 73.86 71.89 68.03 62.69 59.88 61.43 65.27 67.52 64.86 59.38 54.69 51.28 51.48 53.62 55.45 53.12 50.18 50.18 51.16 52.11 49.63 43.29 38.26 34.98 34.31 38.41 43.82 47.11 49.34 54.76 61.44 60.43 52.32 42.59 36.36 35.77 38.61
54.85 55.33 55.65 54.91 53.49 51.51 49.15 48.18 50.72 55.55 61.93 67.75 69.53 67.51 65.72 65.44 66.44 68.49 68.76 65.28 63.14 64.43 67.41 71.43 76.96 83.04 90.81 97.44 92.46 82.64 77.10 74.86 74.93 77.41 82.99 88.65 88.57 83.06 77.12 73.69 72.83 72.77 71.91 71.26 72.30 74.72 75.78 72.37 65.01 57.25 51.45 46.92 47.39 51.12 54.19 52.95 51.81 52.96 52.97 51.15 47.50 43.39 41.30 40.37 41.37 45.38 49.75 52.72 55.31 60.27 65.02 63.47 57.36 48.69 41.87 41.42 45.68
54.32 54.09 53.18 51.84 50.41 48.78 47.47 48.34 52.62 58.25 63.66 66.49 64.73 61.76 62.75 66.86 70.80 72.01 68.48 62.81 62.27 67.48 73.61 79.78 86.12 91.57 96.58 97.96 88.63 77.25 72.28 71.11 72.65 77.29 83.61 86.53 82.71 76.11 71.56 69.83 70.16 71.24 72.08 73.60 75.83 76.72 73.80 66.49 57.97 51.20 46.36 42.43 44.63 50.44 54.47 54.16 54.39 55.43 53.46 50.30 48.05 46.82 46.62 46.45 47.26 50.26 54.19 57.60 60.94 65.86 69.28 67.34 62.69 56.21 49.96 50.11 55.26
54.05 53.46 51.89 50.05 48.42 47.37 47.95 51.08 56.37 61.06 63.33 62.15 58.00 56.71 62.30 69.48 72.26 70.22 62.75 56.94 60.18 71.36 81.52 89.78 95.56 98.36 98.63 94.01 81.43 70.15 66.62 67.12 70.22 75.72 80.48 79.75 74.27 69.07 66.37 65.53 65.91 66.59 66.48 66.10 65.60 63.27 57.68 50.51 45.05 42.26 40.60 39.73 45.06 52.44 56.50 56.24 56.52 55.93 52.79 51.26 51.73 51.84 51.49 50.40 50.13 52.67 57.14 61.15 64.91 70.12 73.52 72.45 69.41 64.92 60.59 61.18 66.11
