WindNinja_Processing/data/slinkBig/vel.asc
ncols	140
nrows	145
xllcorner	268193.222300
yllcorner	4258704.620682
cellsize	112.710000
NODATA_value	-32768.000000
[rows 102 to 135 of 145, columns 0 to 76 of 140]
52.95 51.00 52.28 55.78 55.57 51.58 47.01 44.10 43.97 47.11 52.98 59.49 65.83 71.69 74.94 75.40 74.72 74.84 75.85 76.44 78.02 83.25 91.72 99.59 101.52 98.94 94.94 91.10 89.27 86.84 80.35 71.80 64.28 58.77 54.77 52.00 50.18 49.90 51.76 54.44 56.60 58.39 59.82 60.24 57.40 51.06 45.48 42.85 42.90 45.47 49.50 54.91 59.28 59.54 58.56 58.68 58.35 57.12 55.66 55.47 56.32 54.86 51.44 49.57 48.87 47.42 45.86 45.05 45.42 47.00 48.97 50.51 51.12 50.05 47.91 47.11 48.48
53.31 52.43 54.84 57.16 55.59 52.21 49.21 48.21 50.49 56.42 63.81 69.52 73.91 76.97 78.30 79.17 79.41 79.11 79.53 80.90 85.25 94.39 104.03 108.77 106.80 101.18 95.29 89.91 86.19 81.31 73.09 64.58 58.09 53.39 49.96 47.70 46.78 48.06 51.42 54.82 57.37 59.31 59.98 58.51 53.70 47.09 43.23 43.19 45.79 49.89 55.08 60.78 64.89 64.45 62.69 61.89 60.78 59.01 57.29 57.09 57.12 54.10 50.44 49.22 48.40 46.50 45.05 44.67 45.34 46.95 48.69 49.69 49.77 48.43 46.85 48.21 52.11
51.99 49.97 51.89 54.56 54.88 54.14 52.88 53.28 57.58 65.03 71.98 76.67 79.95 81.74 82.07 82.29 80.43 77.86 78.12 81.55 89.70 101.96 110.07 110.07 104.85 97.40 90.16 83.36 78.15 72.38 64.88 57.83 52.50 47.88 43.95 41.42 41.36 44.64 49.72 53.67 56.38 58.13 57.85 55.27 50.52 45.92 44.66 47.23 52.08 57.96 64.16 69.73 72.11 69.05 64.88 62.23 60.07 57.88 56.24 56.06 55.23 51.51 48.33 47.48 46.57 44.96 44.11 44.15 44.84 46.10 47.32 47.81 47.61 46.42 45.86 48.94 54.42
51.57 49.33 51.80 55.38 56.92 56.79 55.97 57.32 63.34 71.35 77.83 81.79 84.43 85.32 85.04 84.02 80.18 77.78 79.74 85.24 95.35 106.67 109.14 103.66 95.98 88.37 81.92 76.08 71.42 66.36 59.79 52.66 47.17 42.50 39.15 38.37 41.38 48.13 54.53 57.14 57.54 56.69 54.32 51.09 47.49 45.29 46.46 51.33 57.75 64.91 71.39 75.39 74.78 69.61 64.54 61.26 58.72 56.56 55.25 54.80 53.03 49.35 47.04 46.64 46.09 45.02 44.36 44.21 44.49 45.30 46.17 46.40 46.14 45.42 46.01 50.25 55.99
53.19 52.17 55.55 59.13 60.19 58.82 57.58 59.77 66.97 75.80 81.41 84.21 85.97 86.35 86.22 85.54 83.01 82.41 86.27 91.95 100.23 106.29 101.10 91.11 82.42 76.67 73.39 70.69 67.89 63.52 56.73 48.58 42.68 38.54 37.15 40.69 49.67 60.30 65.23 63.20 58.69 53.89 49.69 46.90 45.15 45.25 48.34 54.34 61.53 68.55 73.72 75.26 72.53 67.21 63.20 60.87 59.08 57.21 55.47 53.88 51.30 48.62 47.90 48.24 47.78 46.47 45.21 44.42 44.38 45.10 45.83 45.89 45.61 45.42 47.05 51.69 56.38
53.57 53.89 58.82 61.56 61.08 59.30 58.86 62.30 70.41 79.36 83.18 84.98 86.23 86.61 87.09 86.98 86.14 87.76 92.07 96.08 100.73 101.71 91.94 80.59 73.14 68.98 66.83 64.67 62.10 57.96 51.75 45.26 41.29 39.13 40.44 49.08 62.64 71.68 70.70 63.59 56.14 50.17 46.57 45.56 46.38 49.37 54.72 61.52 68.58 73.98 76.68 75.73 71.91 67.52 65.02 63.90 62.82 60.61 57.61 54.50 51.68 50.31 50.55 50.42 48.87 46.74 45.04 44.27 44.70 45.70 46.17 45.88 45.29 45.42 47.95 52.41 55.34
53.44 55.93 61.11 61.85 59.92 58.63 60.33 65.32 73.64 81.53 84.15 85.36 86.15 86.67 87.39 87.81 88.69 91.40 94.43 95.87 97.47 95.48 84.81 74.42 68.32 64.18 60.29 56.38 52.96 49.75 45.95 43.56 43.36 44.79 50.20 63.06 74.88 75.86 67.54 58.02 51.28 47.02 45.54 47.20 51.85 59.43 68.05 75.84 80.77 82.50 81.30 78.05 74.11 71.57 71.15 71.61 71.05 67.74 62.43 57.13 54.03 53.55 53.78 52.19 48.93 46.06 44.53 44.55 45.80 46.82 46.83 46.12 45.04 45.39 48.60 51.99 52.51
53.91 56.89 61.03 60.63 59.47 60.66 64.46 70.25 78.25 85.23 87.19 87.45 87.61 87.92 88.53 89.34 90.44 92.00 92.72 91.99 91.67 88.11 77.81 68.25 63.26 59.31 54.98 51.05 48.38 46.69 44.62 44.43 46.75 51.54 60.74 73.48 78.84 71.97 60.36 51.50 46.59 44.59 45.75 50.81 59.73 70.52 80.05 85.80 87.38 86.01 83.45 80.47 78.32 77.94 78.72 79.19 77.38 72.34 65.28 58.92 56.46 56.82 56.47 53.47 49.29 46.58 45.70 46.43 48.02 48.79 48.55 47.58 45.93 46.29 49.87 51.79 49.90
52.60 54.33 57.43 59.26 62.79 67.73 72.68 78.52 86.29 91.75 92.15 91.04 90.39 90.15 90.19 89.95 89.07 88.11 86.85 85.19 84.18 80.16 70.22 61.11 57.70 55.38 53.17 51.57 50.76 49.93 47.99 47.51 50.65 58.00 69.02 77.24 74.01 61.70 50.94 44.61 42.14 42.91 47.38 56.48 68.62 78.51 83.52 84.44 83.82 83.92 84.12 83.89 84.12 84.50 84.03 81.82 77.23 70.94 64.44 59.69 59.31 60.40 59.10 55.25 51.04 48.88 48.32 48.96 50.61 51.65 51.67 50.46 48.31 48.93 52.68 52.79 48.86
51.56 53.29 56.68 61.04 67.68 73.67 78.56 84.38 90.89 93.99 92.85 91.20 90.46 90.01 89.26 87.68 85.11 82.62 80.60 78.71 77.57 73.37 63.80 55.92 53.58 52.39 51.78 51.98 52.45 51.91 49.93 49.59 53.63 62.89 72.76 73.62 63.17 49.80 42.12 38.76 38.80 42.42 50.17 62.81 75.72 81.70 80.93 79.11 79.32 80.96 82.06 82.75 83.62 82.89 79.98 75.30 69.80 65.21 62.40 61.59 63.41 65.26 63.22 58.75 54.53 52.50 51.66 51.99 54.13 55.67 55.48 53.51 50.97 51.81 54.90 53.29 48.52
53.36 55.44 59.95 64.79 69.86 73.48 77.49 82.99 87.87 89.17 87.51 86.38 86.30 85.95 84.73 82.18 78.63 76.08 74.60 73.32 72.46 68.63 60.15 53.53 50.75 49.17 48.59 49.39 50.41 49.85 48.32 49.23 54.89 63.96 68.23 61.93 48.31 38.55 35.02 34.56 37.14 43.77 54.36 68.39 78.63 78.79 74.78 74.13 75.57 75.59 74.41 74.48 74.39 70.93 65.42 59.82 55.94 56.08 60.19 67.04 72.79 73.70 69.36 63.83 59.32 56.84 55.47 55.65 58.27 60.20 59.09 55.95 52.86 53.37 55.66 53.84 50.09
54.39 57.30 62.78 67.10 70.15 72.12 75.15 78.98 81.74 82.06 80.70 80.17 80.25 79.66 77.58 73.92 70.49 68.83 68.10 67.53 67.09 63.52 55.94 50.78 48.34 47.08 46.89 47.89 48.31 46.63 45.54 48.12 55.26 61.26 58.39 47.80 36.27 30.33 29.75 31.97 37.45 46.90 59.13 71.83 77.51 73.33 69.59 70.69 71.44 69.51 67.50 66.96 65.20 59.48 53.29 49.05 48.25 52.64 62.18 74.63 80.08 78.14 73.03 67.39 62.87 59.99 58.26 58.48 61.41 62.62 60.51 57.14 54.36 54.81 56.54 55.42 52.97
55.17 58.39 64.02 68.07 69.88 70.48 71.64 73.11 74.43 74.60 73.59 72.87 72.57 71.30 67.86 63.54 61.25 60.81 60.37 59.44 58.51 55.32 49.75 47.32 47.46 47.97 48.52 48.33 45.83 42.18 42.64 48.11 54.50 54.63 46.83 36.54 28.53 25.35 26.96 32.23 40.84 51.80 63.05 72.65 74.54 69.19 66.81 68.06 67.42 64.96 63.42 62.39 58.97 52.92 48.61 48.00 51.44 59.19 69.53 78.42 77.81 73.24 71.11 69.13 66.04 62.76 60.65 61.65 65.16 64.38 60.57 57.27 55.74 56.80 59.23 58.82 56.77
56.34 58.77 63.69 67.54 68.42 67.84 67.96 68.56 69.30 68.98 67.63 66.57 65.56 63.47 58.52 53.47 52.40 52.92 52.38 51.37 50.61 48.22 43.93 42.91 44.31 46.09 46.98 45.66 41.86 39.29 42.58 49.42 52.01 46.89 37.84 29.76 24.99 24.42 28.33 36.19 46.51 56.94 65.39 71.86 71.81 66.46 64.36 64.91 63.71 61.58 60.11 58.57 55.07 50.26 48.52 51.14 57.29 65.98 73.36 75.75 71.54 66.52 66.39 67.55 66.81 64.50 63.36 66.10 68.81 65.96 61.17 58.07 57.29 59.24 62.65 62.67 60.76
57.89 59.13 62.38 65.28 66.40 66.15 67.05 67.84 67.57 65.67 63.13 60.84 59.11 56.45 50.41 45.45 45.71 46.57 45.90 45.36 44.96 42.40 37.37 34.70 35.65 37.85 39.11 38.82 38.87 41.55 46.89 50.86 48.54 41.64 34.77 29.94 28.02 29.67 35.29 43.74 52.87 60.24 66.17 70.99 70.48 65.29 62.47 61.70 60.10 58.39 57.27 56.23 54.06 51.69 52.43 56.55 62.30 67.20 68.73 66.44 61.97 58.80 58.96 61.46 64.06 66.24 68.76 71.66 71.24 66.72 62.40 59.89 59.17 61.48 64.55 63.99 62.01
58.55 58.77 60.64 63.24 64.94 65.79 67.00 66.65 64.30 60.50 56.72 53.77 52.61 50.75 45.35 41.70 42.79 42.93 41.74 41.30 39.85 35.41 29.07 26.29 27.95 30.72 32.26 33.92 37.87 43.91 49.17 49.87 45.21 39.55 36.08 34.63 35.16 38.55 45.22 52.92 59.46 64.15 68.14 71.78 70.50 64.72 60.58 58.59 57.15 56.50 56.57 56.54 55.44 54.57 56.26 60.06 63.42 63.53 60.51 56.25 53.03 52.29 54.20 57.92 62.51 68.28 73.68 75.43 72.38 67.78 64.29 62.48 61.91 63.79 65.40 63.71 62.04
58.20 57.97 60.33 63.16 64.40 65.75 65.00 61.42 56.36 51.74 48.64 47.51 49.33 50.95 47.68 44.74 43.86 41.00 38.33 36.60 32.60 26.57 21.71 20.81 23.87 27.24 29.55 32.61 37.59 43.01 46.26 45.71 42.84 41.10 41.56 43.88 48.50 55.50 63.22 68.87 71.69 72.91 74.29 75.29 71.74 64.64 59.68 57.73 57.18 57.61 58.46 58.39 57.03 55.89 56.53 58.18 58.56 55.90 52.00 49.84 50.31 52.12 55.05 59.34 63.25 69.31 76.38 78.37 76.34 73.44 70.81 68.67 67.28 66.45 64.41 61.03 60.07
58.24 57.61 59.78 62.49 62.55 63.43 60.57 54.31 48.39 44.86 43.87 45.47 50.56 54.88 52.11 47.37 42.44 36.54 32.61 29.94 25.41 21.11 19.77 20.74 23.97 27.63 30.90 35.08 39.96 43.52 44.46 43.71 43.43 45.03 48.60 54.42 63.48 73.40 80.61 82.76 81.44 79.51 78.62 76.68 70.49 62.79 58.57 57.48 57.51 58.61 60.17 59.78 57.53 55.86 55.22 54.85 53.21 49.51 46.71 47.24 50.10 53.04 56.18 60.01 63.76 69.46 76.96 78.62 77.79 77.20 76.64 74.80 71.88 67.94 62.77 58.04 58.05
54.85 53.38 54.86 58.12 58.39 58.71 54.76 48.42 44.86 44.14 45.30 48.14 53.77 57.19 51.90 43.65 36.45 29.94 26.39 24.61 22.05 21.06 21.84 23.54 27.20 31.81 36.64 41.85 45.58 46.76 46.41 46.31 47.51 50.35 55.62 63.45 72.92 80.71 83.71 82.58 80.41 78.65 76.33 71.21 63.41 56.77 54.25 54.40 55.81 58.83 61.55 60.57 57.50 55.30 54.08 52.76 50.40 47.02 45.65 47.64 50.77 53.19 55.62 58.13 60.84 65.43 70.74 71.82 71.54 71.56 72.13 72.52 71.69 69.16 65.87 64.48 67.91
50.90 49.76 50.51 54.87 56.26 55.30 50.76 45.96 45.74 47.33 49.41 51.72 55.90 57.06 49.18 38.98 31.16 24.73 22.42 23.02 23.15 23.64 24.67 26.78 31.84 38.65 45.13 50.11 51.46 50.22 49.36 50.24 52.46 55.93 61.96 70.18 77.55 81.15 79.98 77.10 75.52 74.17 70.06 63.06 56.08 51.77 51.06 52.88 56.43 61.21 63.67 61.13 57.24 54.94 53.61 51.97 49.20 46.58 46.78 49.71 52.54 53.67 54.97 55.91 57.02 61.64 64.55 64.43 63.84 64.29 65.08 67.51 69.39 69.26 69.27 71.91 77.62
49.11 47.45 48.33 54.37 57.00 55.38 52.33 49.56 50.19 51.21 52.15 53.69 57.47 57.74 49.52 38.16 28.80 22.40 22.41 25.61 26.64 26.53 27.72 31.79 39.72 49.17 55.47 57.88 56.29 53.08 52.01 53.31 55.30 58.34 64.44 72.08 76.98 77.03 73.46 69.46 67.00 64.45 60.54 56.33 53.27 51.87 52.73 55.94 60.91 65.78 66.73 63.02 59.11 57.13 55.78 53.47 50.67 49.51 51.32 54.20 55.71 55.53 55.60 55.18 55.32 59.51 61.82 58.77 55.78 56.20 57.95 59.77 63.44 67.37 71.43 78.28 83.16
46.49 44.46 47.30 55.80 59.71 58.48 55.12 54.04 54.05 53.66 53.86 56.10 60.32 58.92 49.14 37.52 27.64 23.28 26.81 31.44 31.32 30.26 32.72 40.25 50.88 59.89 63.00 62.18 59.26 55.45 54.77 56.22 57.48 60.10 66.23 72.01 73.14 70.27 65.85 61.88 59.29 56.88 54.58 53.91 54.11 54.82 56.99 61.44 67.38 71.17 70.10 65.50 61.46 59.15 57.00 54.16 52.28 52.99 55.52 57.24 57.22 56.13 55.08 53.80 53.64 57.08 58.90 54.29 49.52 49.14 52.17 54.79 58.16 65.65 73.67 81.90 83.75
49.53 47.39 53.16 61.09 64.70 62.80 57.32 55.48 54.04 52.86 54.57 58.88 61.80 56.44 44.19 34.75 30.67 31.87 37.03 39.12 37.23 36.51 42.15 53.91 63.62 67.58 66.06 63.88 61.39 58.99 58.80 60.14 61.21 63.67 67.56 68.66 66.48 63.94 61.23 58.95 57.56 56.32 55.66 57.08 59.90 63.47 68.05 73.78 78.98 79.18 73.91 66.40 60.37 56.33 53.17 50.60 50.02 51.79 53.99 54.68 54.33 53.66 53.21 52.88 53.70 56.33 56.69 53.26 49.86 49.37 51.18 52.17 52.49 59.94 70.57 78.39 81.11
53.34 53.81 60.32 65.33 67.63 65.86 58.89 54.56 52.75 52.19 56.51 62.11 61.83 52.32 39.96 35.13 37.77 44.11 48.00 46.43 43.52 45.01 55.05 68.26 73.59 71.77 67.97 65.99 64.47 62.55 62.66 63.55 64.31 65.71 66.21 63.76 61.03 60.00 59.30 58.64 58.22 57.92 58.68 62.23 67.95 74.52 81.09 86.21 87.36 82.29 73.05 63.12 55.53 50.37 47.30 45.90 46.78 49.22 51.09 51.39 51.33 51.61 52.35 52.90 53.88 55.01 54.51 52.62 51.52 50.62 49.11 47.31 48.69 57.02 71.26 76.96 79.56
54.27 57.67 65.42 68.82 69.09 65.65 58.59 53.31 53.49 56.78 62.50 65.74 59.67 48.28 41.73 43.38 49.73 55.47 56.03 52.20 50.66 55.59 66.39 75.30 76.91 74.26 73.48 74.25 71.17 66.84 65.22 65.50 65.70 66.18 65.68 63.45 61.89 61.52 60.98 60.65 60.40 60.31 61.76 66.18 72.71 79.11 83.84 85.05 81.17 72.47 62.28 52.58 45.65 41.97 41.08 42.01 44.66 47.68 49.41 49.82 50.28 51.20 52.21 52.33 52.00 52.17 51.91 50.95 50.30 48.30 44.90 46.14 54.30 67.02 80.03 82.84 83.41
57.44 62.87 70.25 72.33 70.10 63.91 57.71 53.92 56.68 62.56 67.65 66.41 56.06 47.10 47.81 54.61 61.51 63.50 60.33 56.54 56.50 63.44 72.66 77.61 77.57 78.61 81.91 81.99 75.33 67.80 64.95 64.55 65.00 65.95 66.02 64.44 63.44 63.19 62.62 62.37 62.41 62.47 64.32 68.92 75.06 79.37 80.31 77.13 69.91 59.90 49.99 41.59 36.48 35.12 36.89 40.07 43.88 46.83 48.26 49.01 50.02 51.19 51.99 51.36 50.10 49.94 49.76 48.91 47.79 45.71 43.60 49.67 64.94 78.45 86.55 86.53 85.36
61.77 67.03 73.91 73.41 69.80 64.02 59.90 59.90 63.31 66.89 67.93 63.50 56.83 54.29 58.20 63.90 66.24 63.78 59.56 57.53 59.56 68.14 76.06 79.25 79.88 82.11 82.66 75.39 65.29 59.27 58.37 59.19 61.23 64.39 64.92 62.63 61.13 60.87 60.83 61.25 61.73 62.39 64.82 69.73 74.19 75.15 72.08 65.58 56.43 46.24 38.84 34.88 33.28 34.12 37.03 40.59 44.18 46.47 47.48 48.54 49.97 51.39 52.00 50.87 49.29 48.54 47.78 46.59 45.52 44.97 46.20 55.42 72.48 82.30 85.49 83.71 82.34
67.95 71.00 75.29 73.04 68.98 65.00 62.57 65.02 68.65 68.39 65.01 61.61 60.87 62.87 66.41 67.93 64.82 59.61 56.51 56.80 61.57 72.19 78.94 81.64 82.63 81.71 75.50 63.53 54.40 51.00 51.72 54.51 59.06 64.11 64.50 60.64 58.24 58.09 58.78 59.64 60.08 61.06 64.42 69.08 70.74 67.94 61.79 53.54 44.07 35.69 32.41 32.54 34.26 36.73 39.50 42.35 45.41 47.10 47.63 48.98 51.21 52.96 53.04 51.26 49.15 47.69 46.42 45.27 45.31 47.24 51.33 61.54 77.45 83.08 81.89 79.36 77.87
73.68 71.70 70.57 68.73 64.79 62.15 62.85 66.04 68.11 65.86 62.74 61.83 63.07 64.48 65.09 63.16 57.85 53.22 52.34 55.51 64.94 78.41 85.37 87.67 85.97 78.90 68.29 57.90 52.37 51.63 54.29 59.00 64.58 68.78 67.16 60.65 56.96 56.71 57.36 57.62 57.73 59.20 63.21 66.66 65.78 60.49 53.41 46.07 39.37 35.60 35.97 38.65 41.93 44.67 46.40 47.84 49.98 50.61 50.48 52.45 55.34 56.29 54.90 52.30 49.83 48.41 47.53 47.85 50.25 54.25 59.06 68.09 80.02 82.58 79.61 76.71 74.84
78.37 71.02 63.70 60.80 59.06 60.10 62.57 65.08 64.08 62.20 61.27 61.72 62.26 61.13 58.64 54.81 49.49 46.71 48.95 56.12 70.80 85.88 91.58 90.31 83.56 72.15 61.07 54.36 53.11 56.41 62.41 68.41 72.05 72.66 67.83 59.99 55.83 55.53 55.68 55.29 55.54 57.74 61.48 63.59 60.67 54.41 47.85 42.51 39.35 39.68 43.25 48.28 52.44 54.66 55.09 55.03 55.73 55.38 55.61 58.48 60.56 59.22 56.27 53.49 51.34 50.57 50.79 53.05 57.70 62.88 66.60 72.40 79.67 80.37 77.22 74.27 72.09
77.20 67.06 57.75 55.28 53.99 56.73 60.79 61.13 60.05 59.97 59.80 58.73 56.36 52.97 49.71 46.56 43.48 43.86 50.09 61.28 77.13 87.77 86.03 77.43 66.13 55.79 50.78 51.15 55.19 61.42 67.44 70.99 71.65 69.56 64.07 58.01 55.07 55.17 55.52 55.65 56.75 59.31 61.65 61.26 56.88 50.52 45.17 42.04 41.44 43.62 47.96 52.60 55.67 57.13 57.41 57.75 58.85 59.32 60.77 62.76 61.93 58.57 55.53 53.58 52.42 53.05 55.01 59.27 65.31 69.43 70.36 72.49 76.82 76.71 74.10 71.06 68.57
68.26 59.77 51.78 52.26 52.76 54.12 57.87 59.08 58.36 58.23 57.25 53.92 48.88 44.45 42.06 40.79 40.66 44.71 55.17 68.83 80.90 82.95 72.78 59.35 47.76 42.02 43.74 50.50 58.65 65.07 68.39 68.72 67.68 65.27 60.67 56.79 54.99 55.46 56.56 57.71 59.54 61.63 61.81 58.86 53.76 48.58 45.03 43.83 44.76 47.40 50.92 53.67 55.04 55.98 56.97 58.90 61.05 62.89 64.65 64.18 60.49 56.63 54.74 54.06 54.05 56.23 60.01 65.96 71.54 72.22 69.75 69.34 72.42 72.55 70.25 67.62 66.34
63.70 58.81 54.39 55.31 56.16 56.52 57.17 57.68 57.15 56.68 55.63 52.64 45.93 41.95 40.87 41.19 43.95 51.37 63.31 74.66 79.41 73.91 60.49 48.59 41.05 39.76 45.12 53.31 60.30 64.79 66.22 66.07 65.46 63.46 59.33 56.40 55.85 57.25 59.29 61.05 62.78 63.63 61.96 57.99 53.45 49.74 47.90 47.66 48.68 50.54 52.65 54.16 55.13 56.32 57.71 59.92 61.58 63.08 63.75 62.36 58.83 57.07 57.55 58.05 58.36 60.51 63.99 68.43 70.68 68.12 64.06 64.00 68.21 69.61 67.94 66.65 67.74
65.45 62.23 59.75 59.97 59.15 58.46 57.20 55.91 55.78 56.41 56.61 53.85 46.44 42.23 42.35 44.63 50.10 59.75 69.93 75.28 72.77 62.66 50.58 42.83 40.29 43.23 50.54 57.19 60.94 63.24 64.63 65.21 65.18 63.34 59.27 56.87 57.20 59.73 62.67 64.75 66.08 65.66 62.84 58.84 55.27 52.80 51.92 51.89 52.18 52.92 53.92 54.84 55.95 57.45 58.58 59.96 61.34 62.45 61.99 59.79 58.16 59.77 62.60 63.38 62.73 63.29 64.98 66.48 65.52 61.54 58.42 60.23 66.07 68.30 67.13 67.51 70.61
